105.60 	29.41 	10
105.62 	29.44 	10
101.38 	27.89 	10
101.88 	29.58 	10
102.06 	29.51 	59
108.91 	23.62 	10
103.45 	27.04 	10
103.45 	26.99 	10
103.46 	26.96 	10
103.47 	28.10 	10
101.16 	27.91 	13
103.24 	23.25 	10
102.22 	22.08 	13
101.98 	29.60 	10
102.01 	29.60 	12
101.99 	29.61 	18
102.00 	29.60 	14
101.40 	27.90 	8
102.05 	22.50 	10
101.38 	21.70 	10
104.65 	29.58 	11
104.09 	29.38 	10
105.77 	25.49 	8
100.53 	23.33 	10
101.98 	22.70 	10
100.30 	27.55 	10
102.10 	29.11 	20
102.00 	29.65 	12
102.11 	29.13 	18
102.49 	27.44 	10
103.31 	27.09 	11
100.88 	26.17 	21
103.35 	27.07 	14
101.99 	24.43 	5
101.97 	24.44 	6
104.76 	28.16 	10
102.35 	29.05 	16
102.84 	23.95 	10
108.80 	26.60 	10
108.84 	26.58 	7
108.81 	26.66 	5
104.68 	24.83 	5
103.09 	25.31 	16
101.65 	23.03 	6
104.90 	28.36 	7
103.20 	29.30 	20
103.77 	28.47 	12
104.67 	28.15 	8
104.64 	28.42 	9
101.48 	27.88 	11
103.36 	27.09 	14
103.12 	27.07 	16
100.75 	26.86 	14
100.51 	23.30 	14
100.49 	23.33 	9
100.49 	23.30 	9
100.51 	23.30 	16
100.50 	23.31 	10
100.49 	23.33 	16
100.50 	23.32 	17
100.48 	23.34 	16
100.49 	23.32 	10
100.43 	23.45 	5
100.29 	22.63 	17
101.43 	27.92 	17
101.40 	27.92 	12
103.14 	27.06 	12
100.49 	23.32 	7
100.48 	23.32 	8
100.48 	23.30 	10
101.06 	27.97 	13
103.30 	27.11 	12
103.32 	27.10 	12
100.49 	23.35 	12
100.45 	23.30 	10
100.43 	23.36 	6
100.43 	23.35 	10
100.49 	23.33 	14
100.49 	23.36 	10
100.49 	23.36 	13
103.34 	27.09 	10
100.45 	23.45 	10
100.48 	23.38 	6
106.16 	27.43 	4
100.49 	23.37 	10
100.50 	23.36 	17
100.44 	23.44 	15
100.49 	23.36 	16
100.41 	23.41 	10
100.49 	23.36 	17
100.49 	23.36 	17
100.50 	23.38 	18
100.55 	23.40 	10
103.27 	27.10 	15
100.69 	22.59 	7
102.74 	28.38 	10
104.80 	28.32 	11
103.34 	27.10 	13
103.48 	28.14 	5
103.36 	27.11 	17
101.90 	25.52 	12
103.43 	27.08 	12
101.01 	22.96 	10
100.60 	25.96 	18
101.38 	27.92 	13
100.48 	25.85 	18
100.50 	25.88 	12
102.18 	24.97 	12
103.54 	28.09 	11
104.01 	21.59 	7
103.52 	28.10 	10
103.56 	28.13 	13
103.54 	28.11 	12
103.52 	28.10 	5
103.49 	28.11 	10
103.51 	28.12 	7
103.38 	27.09 	12
103.38 	27.04 	10
103.34 	27.11 	7
103.42 	27.04 	5
103.36 	27.11 	5
103.34 	27.09 	7
103.36 	27.09 	5
103.34 	27.11 	8
103.39 	27.10 	10
103.37 	27.08 	21
103.35 	27.11 	11
103.34 	27.10 	7
103.35 	27.13 	7
103.33 	27.11 	10
100.48 	25.86 	5
100.50 	25.88 	8
104.00 	21.58 	4
101.43 	27.90 	11
104.80 	29.38 	12
103.09 	29.63 	25
101.38 	27.92 	20
101.41 	27.91 	18
102.13 	29.41 	15
102.30 	22.65 	10
101.42 	27.92 	11
104.66 	28.14 	11
101.44 	27.91 	7
101.92 	25.47 	11
101.92 	25.49 	13
101.00 	21.56 	15
100.57 	26.17 	10
104.82 	28.29 	8
103.53 	28.09 	7
103.89 	24.37 	14
103.57 	28.14 	13
100.57 	26.18 	14
100.57 	26.17 	9
100.57 	26.17 	14
100.56 	26.17 	14
100.56 	26.19 	14
101.39 	27.91 	8
103.51 	28.08 	12
105.00 	28.25 	13
100.35 	22.60 	10
105.54 	29.44 	6
101.18 	22.54 	5
106.98 	28.61 	7
101.82 	25.42 	12
101.01 	22.80 	7
101.17 	22.51 	7
101.40 	27.91 	15
100.60 	25.83 	10
101.17 	26.86 	33
104.92 	28.34 	5
101.36 	27.93 	19
101.35 	27.93 	14
101.97 	29.85 	16
100.67 	27.78 	5
101.41 	27.92 	13
100.58 	25.40 	10
101.42 	27.92 	7
101.41 	27.93 	10
101.40 	27.85 	10
103.01 	26.36 	10
100.53 	22.67 	15
103.79 	28.44 	6
100.69 	23.71 	10
107.41 	23.82 	6
101.36 	27.90 	16
102.78 	27.96 	9
101.44 	23.13 	14
104.02 	27.54 	9
100.77 	26.70 	13
100.62 	21.47 	14
100.62 	21.49 	10
102.84 	27.87 	11
101.93 	29.92 	8
104.84 	28.31 	7
103.78 	28.45 	10
101.05 	22.57 	10
105.74 	29.34 	5
100.78 	22.95 	12
104.89 	28.33 	7
100.84 	22.08 	10
100.27 	26.97 	9
103.96 	27.48 	8
100.08 	29.21 	16
103.46 	27.80 	8
104.87 	28.35 	9
105.11 	29.36 	10
103.08 	27.37 	5
104.95 	28.45 	5
104.95 	28.40 	5
101.59 	23.38 	6
100.49 	23.67 	5
105.57 	29.44 	6
105.39 	29.34 	6
105.14 	29.38 	21
100.95 	23.07 	8
100.96 	23.08 	5
100.96 	23.11 	10
104.84 	28.28 	16
100.80 	26.73 	14
101.60 	23.25 	15
107.45 	23.85 	10
104.82 	28.30 	8
104.84 	28.35 	10
101.97 	29.94 	6
104.13 	28.05 	10
105.22 	29.33 	16
105.71 	25.52 	6
103.97 	27.55 	6
104.03 	27.51 	7
106.95 	28.95 	6
105.23 	29.32 	14
102.75 	27.04 	10
103.97 	27.46 	12
105.25 	29.33 	13
100.31 	27.30 	11
102.52 	26.49 	13
105.23 	29.32 	22
105.22 	29.32 	25
102.37 	25.36 	6
100.09 	23.35 	5
104.88 	28.35 	6
101.90 	25.15 	10
103.03 	26.16 	10
103.87 	28.98 	13
107.02 	20.97 	6
103.98 	27.50 	10
103.98 	27.49 	10
100.08 	23.34 	14
103.97 	27.51 	13
103.99 	27.51 	10
104.00 	27.56 	14
104.01 	27.56 	8
104.00 	27.54 	14
104.03 	27.56 	14
103.98 	27.50 	10
103.97 	27.51 	14
104.83 	28.39 	6
100.12 	27.58 	6
101.22 	23.08 	10
104.84 	28.41 	12
102.38 	29.08 	10
100.10 	29.23 	10
102.26 	29.01 	14
103.06 	29.35 	18
100.65 	27.91 	8
101.18 	28.13 	11
100.69 	27.87 	13
100.68 	27.80 	9
100.65 	27.73 	10
100.69 	27.71 	11
104.28 	28.10 	9
100.37 	22.66 	11
102.32 	22.43 	10
102.77 	27.02 	16
100.08 	29.28 	10
104.94 	28.41 	10
100.01 	26.28 	12
102.44 	24.27 	9
101.50 	25.32 	13
104.97 	28.67 	18
102.60 	28.88 	10
100.55 	22.04 	14
100.55 	22.04 	23
100.54 	22.04 	12
101.09 	28.12 	9
103.19 	27.37 	5
107.84 	20.28 	8
105.13 	29.36 	21
105.15 	29.37 	5
105.15 	29.37 	19
105.73 	25.48 	8
105.07 	29.40 	20
105.73 	25.48 	6
100.82 	22.17 	7
103.22 	29.64 	24
100.74 	26.54 	15
100.72 	26.62 	16
109.74 	29.11 	7
105.75 	25.50 	5
100.69 	22.61 	9
100.68 	26.86 	14
104.88 	28.27 	12
104.54 	29.04 	18
105.07 	29.39 	17
102.70 	27.06 	11
100.88 	27.76 	10
103.14 	30.00 	20
104.91 	28.36 	15
101.09 	29.29 	10
104.92 	28.36 	5
103.64 	22.91 	7
102.97 	26.66 	7
102.94 	26.64 	12
104.91 	28.36 	14
101.84 	25.93 	10
101.92 	25.39 	10
104.88 	28.24 	15
102.94 	26.66 	12
100.26 	20.67 	9
103.18 	29.61 	17
100.19 	20.54 	27
104.95 	28.22 	17
103.01 	27.14 	12
101.94 	27.09 	15
101.56 	23.08 	6
102.37 	29.01 	22
100.88 	27.64 	10
103.51 	20.95 	9
102.99 	27.12 	9
101.24 	25.94 	9
104.25 	24.55 	7
105.49 	29.36 	6
105.50 	29.33 	6
104.05 	28.19 	18
104.11 	28.06 	11
104.98 	28.68 	9
101.72 	22.09 	8
109.83 	29.07 	8
104.91 	28.36 	17
106.16 	23.97 	9
105.75 	25.51 	7
101.86 	22.00 	5
105.54 	25.61 	7
102.04 	23.75 	9
102.98 	27.13 	8
103.12 	26.06 	13
106.73 	25.20 	7
105.43 	29.36 	6
103.02 	27.13 	10
101.92 	25.41 	9
109.33 	22.59 	6
106.20 	29.43 	7
104.89 	28.40 	19
103.96 	29.27 	19
103.97 	29.27 	12
103.97 	29.28 	16
103.98 	29.30 	21
103.98 	29.30 	21
103.07 	23.63 	14
101.94 	25.39 	13
101.72 	21.43 	7
101.66 	21.31 	10
101.71 	21.42 	7
104.64 	28.46 	16
100.76 	22.61 	15
105.66 	28.68 	15
101.76 	21.35 	10
103.59 	26.03 	13
103.61 	26.08 	6
101.54 	21.26 	6
101.96 	25.11 	5
103.82 	27.89 	5
105.58 	29.30 	14
100.23 	22.39 	10
103.88 	27.70 	5
101.95 	25.43 	10
101.07 	27.14 	11
101.95 	25.41 	14
101.94 	25.42 	20
105.46 	29.36 	30
102.29 	25.75 	7
100.52 	24.79 	14
105.75 	25.58 	6
102.51 	27.35 	10
105.72 	25.54 	7
105.27 	26.01 	10
101.11 	22.77 	13
100.88 	27.08 	4
104.19 	21.33 	7
105.05 	28.79 	5
105.60 	28.95 	33
100.91 	23.11 	5
104.13 	28.02 	10
101.89 	20.85 	16
102.00 	25.96 	10
101.83 	20.20 	23
100.70 	25.95 	10
100.69 	25.94 	10
101.04 	24.79 	13
101.79 	25.31 	16
105.42 	29.38 	13
105.40 	29.38 	13
101.87 	22.15 	5
108.81 	26.56 	8
101.00 	25.64 	12
100.99 	25.58 	10
101.81 	20.75 	22
105.82 	25.97 	7
101.95 	22.22 	7
101.00 	23.01 	5
100.21 	25.98 	5
101.11 	25.44 	14
103.72 	26.21 	11
101.04 	25.54 	11
103.04 	26.14 	5
103.04 	26.14 	12
103.90 	27.68 	10
101.28 	22.15 	5
102.36 	21.45 	33
102.56 	22.05 	31
101.07 	25.56 	7
103.75 	29.09 	14
101.07 	25.54 	6
105.49 	29.40 	5
105.20 	26.18 	8
101.05 	25.52 	9
101.04 	25.54 	10
101.00 	25.57 	14
101.00 	25.57 	13
101.05 	25.60 	10
101.01 	25.57 	14
101.09 	25.52 	11
101.06 	25.55 	14
101.04 	25.54 	13
101.05 	25.54 	11
101.03 	25.60 	6
105.50 	29.36 	9
100.99 	23.00 	5
100.00 	25.10 	13
101.77 	21.41 	15
102.15 	21.43 	20
105.01 	29.37 	10
103.61 	29.70 	10
100.59 	28.66 	6
105.05 	29.39 	13
104.98 	29.39 	12
103.69 	27.82 	15
104.99 	29.40 	14
101.64 	23.24 	15
102.90 	22.25 	30
104.20 	26.95 	11
105.00 	28.74 	20
103.65 	28.71 	14
104.07 	22.94 	5
104.20 	26.90 	11
104.18 	26.83 	18
101.92 	24.54 	11
100.90 	22.69 	5
100.93 	22.92 	13
105.08 	29.39 	9
103.94 	24.33 	18
102.56 	21.88 	26
102.76 	27.07 	14
105.73 	29.44 	12
101.25 	22.14 	10
102.10 	28.80 	15
104.17 	26.79 	14
104.15 	26.82 	15
104.07 	26.87 	10
100.28 	27.07 	10
100.68 	22.47 	24
104.93 	28.25 	23
101.17 	24.32 	15
106.89 	25.61 	9
103.02 	24.90 	11
100.37 	28.18 	13
101.56 	23.45 	14
102.74 	27.04 	15
101.83 	26.26 	14
104.07 	24.25 	18
104.91 	28.25 	16
102.28 	29.55 	15
106.79 	25.19 	11
103.24 	27.03 	19
104.27 	26.49 	12
102.42 	28.99 	27
103.16 	26.39 	12
106.65 	24.88 	12
100.66 	26.71 	17
101.81 	28.19 	14
108.18 	29.83 	7
100.09 	26.10 	17
100.16 	26.24 	14
102.15 	25.83 	25
102.01 	26.21 	15
106.61 	25.49 	5
104.96 	29.35 	24
101.70 	23.38 	20
102.05 	25.54 	10
105.35 	26.00 	10
101.85 	26.18 	17
101.94 	26.24 	13
101.80 	26.10 	9
104.91 	28.35 	17
105.79 	27.22 	15
102.71 	23.48 	15
105.24 	26.12 	17
101.91 	26.23 	14
102.46 	28.97 	15
107.15 	25.42 	17
101.86 	26.23 	11
101.98 	26.23 	16
101.85 	26.10 	18
103.08 	24.82 	13
101.80 	26.22 	18
105.07 	25.93 	11
101.87 	26.17 	15
101.81 	26.22 	16
101.99 	26.16 	14
102.06 	26.25 	12
101.75 	26.25 	17
102.06 	26.27 	13
102.07 	26.49 	33
101.86 	26.27 	15
101.82 	26.08 	12
101.84 	26.21 	28
101.79 	26.07 	15
101.83 	26.15 	25
101.96 	26.30 	10
101.81 	26.22 	15
101.82 	26.14 	23
101.82 	26.19 	21
101.88 	26.34 	14
102.06 	26.30 	19
101.88 	26.25 	8
100.71 	22.71 	15
104.21 	29.31 	19
104.44 	25.12 	27
104.64 	25.92 	7
104.91 	25.83 	17
100.25 	25.90 	11
105.14 	25.99 	17
105.08 	25.95 	15
102.73 	27.41 	14
104.92 	26.50 	31
106.78 	25.25 	12
103.19 	26.92 	9
100.98 	22.92 	28
105.25 	25.99 	14
102.54 	27.38 	18
102.81 	26.98 	12
102.53 	27.30 	10
105.20 	25.99 	9
105.14 	25.97 	11
103.53 	28.16 	16
102.73 	27.34 	10
100.06 	26.32 	15
102.78 	27.35 	12
101.71 	26.82 	11
102.84 	27.25 	12
102.71 	27.31 	8
106.87 	25.27 	17
102.43 	29.19 	7
107.75 	24.48 	18
103.01 	23.33 	26
101.01 	20.49 	28
102.66 	27.47 	17
103.89 	28.07 	10
103.49 	28.06 	15
102.86 	27.33 	15
102.83 	27.37 	14
105.61 	29.55 	13
102.63 	28.91 	14
102.65 	25.94 	14
100.13 	25.93 	20
100.06 	26.96 	17
104.17 	24.96 	13
102.83 	27.29 	15
102.50 	23.38 	25
102.60 	23.50 	27
102.67 	23.69 	7
104.52 	28.66 	18
100.88 	23.01 	32
100.84 	23.20 	22
101.77 	27.34 	13
100.91 	23.02 	31
100.73 	22.77 	32
100.79 	22.86 	32
100.62 	22.88 	30
104.61 	25.87 	12
101.77 	28.17 	12
101.89 	27.40 	16
104.64 	25.88 	12
101.43 	22.86 	15
102.69 	27.12 	16
102.30 	28.15 	14
102.26 	28.16 	14
101.20 	27.80 	14
103.65 	24.13 	29
102.23 	29.34 	11
105.04 	28.30 	12
101.82 	28.05 	10
102.33 	22.41 	30
104.82 	28.50 	18
102.14 	29.40 	11
100.30 	25.83 	15
105.06 	28.31 	27
105.00 	28.37 	20
102.20 	29.50 	9
105.14 	28.15 	12
105.09 	28.26 	6
105.01 	28.41 	30
105.21 	29.09 	15
103.81 	27.00 	25
101.08 	22.91 	29
103.02 	23.34 	15
103.79 	27.15 	30
107.85 	27.38 	15
107.76 	27.42 	10
101.80 	25.43 	15
100.38 	23.73 	13
107.05 	25.46 	17
100.43 	26.15 	14
104.28 	25.95 	17
104.89 	28.38 	14
100.88 	20.28 	26
105.03 	28.42 	13
104.40 	24.71 	20
101.87 	24.34 	19
101.90 	24.41 	16
102.49 	23.52 	11
105.07 	25.91 	15
104.95 	28.36 	18
100.86 	22.72 	15
104.22 	24.61 	18
104.95 	28.38 	9
103.96 	24.32 	16
100.87 	20.31 	30
104.92 	28.23 	10
103.72 	24.46 	20
101.19 	23.64 	29
100.06 	25.41 	19
100.01 	25.45 	14
105.03 	28.36 	10
105.42 	27.18 	12
100.95 	23.46 	11
101.88 	25.30 	16
107.89 	24.93 	13
102.63 	26.91 	18
104.91 	28.26 	13
104.25 	27.98 	12
101.19 	23.22 	25
100.87 	22.92 	17
100.92 	23.02 	18
104.14 	24.29 	17
104.92 	28.39 	20
100.66 	22.74 	14
104.00 	24.36 	16
104.00 	24.31 	19
104.05 	24.27 	14
103.88 	24.45 	16
103.97 	24.44 	15
100.80 	20.50 	10
100.89 	22.99 	23
105.64 	23.50 	15
100.85 	22.85 	30
106.07 	23.73 	15
103.98 	29.06 	16
100.11 	25.42 	14
104.73 	25.41 	11
100.02 	25.50 	16
106.68 	28.61 	9
100.97 	22.89 	33
103.96 	24.40 	18
102.96 	24.56 	15
104.01 	24.30 	18
104.04 	24.39 	17
104.92 	28.36 	15
100.01 	25.47 	18
100.04 	25.54 	15
104.94 	28.39 	17
104.98 	28.37 	18
107.03 	25.50 	28
104.53 	26.01 	20
100.06 	25.39 	17
100.11 	25.38 	11
100.01 	25.44 	16
104.05 	24.18 	20
103.88 	29.76 	18
107.11 	25.30 	14
105.02 	28.39 	12
100.47 	20.04 	10
101.52 	23.21 	17
101.46 	23.05 	15
108.58 	23.95 	13
102.76 	29.97 	18
102.99 	29.57 	20
100.10 	25.44 	22
100.01 	25.53 	15
100.12 	25.32 	18
100.00 	25.50 	12
101.88 	25.57 	14
102.97 	24.54 	22
100.90 	27.05 	8
107.05 	25.16 	15
108.87 	26.66 	10
101.09 	22.58 	29
101.02 	22.92 	15
101.19 	27.84 	15
101.03 	23.00 	19
101.02 	23.19 	11
100.01 	21.56 	11
106.95 	24.93 	15
104.97 	28.44 	14
100.87 	23.09 	17
104.99 	28.37 	17
101.01 	23.03 	18
100.05 	26.08 	9
100.85 	23.05 	16
100.93 	26.77 	19
100.99 	22.85 	20
103.39 	24.02 	18
100.69 	27.92 	14
100.84 	20.53 	8
100.97 	22.88 	15
100.96 	22.90 	23
100.83 	23.10 	12
100.94 	22.86 	30
100.94 	22.91 	29
100.97 	22.86 	31
100.97 	22.88 	23
101.03 	23.05 	10
100.88 	22.83 	15
100.98 	22.86 	25
100.90 	23.00 	10
101.01 	22.98 	24
100.85 	23.17 	9
101.01 	22.91 	15
101.02 	23.03 	11
101.21 	23.03 	6
101.01 	23.08 	12
101.15 	22.86 	15
100.87 	23.15 	7
100.88 	23.09 	22
101.05 	22.77 	26
100.95 	23.12 	15
101.05 	22.88 	32
101.02 	23.14 	11
100.89 	22.85 	15
101.13 	23.08 	6
101.99 	25.59 	16
104.03 	27.10 	9
107.85 	22.60 	14
103.86 	27.16 	11
105.60 	29.61 	13
102.14 	26.02 	15
100.00 	27.53 	14
101.68 	23.53 	20
100.60 	20.60 	10
101.90 	25.89 	12
100.70 	20.50 	10
100.90 	20.20 	10
100.96 	20.57 	15
104.82 	28.31 	19
100.86 	20.15 	29
101.39 	22.42 	28
100.51 	22.68 	13
105.01 	28.35 	13
100.10 	26.46 	16
103.15 	20.56 	33
101.87 	23.56 	31
104.96 	28.40 	14
104.90 	28.39 	37
104.96 	28.44 	14
105.09 	28.38 	31
101.41 	23.04 	20
103.12 	26.02 	15
106.30 	28.29 	14
101.75 	23.52 	21
101.77 	23.46 	33
102.56 	21.83 	31
100.73 	26.51 	7
102.57 	29.28 	12
106.32 	25.36 	15
102.22 	25.96 	16
100.46 	25.42 	10
106.67 	25.31 	18
105.04 	28.46 	17
101.18 	21.54 	30
101.88 	26.51 	10
102.22 	20.76 	33
103.81 	29.07 	15
102.79 	28.82 	15
100.81 	24.39 	16
104.99 	28.43 	13
100.56 	23.14 	15
101.16 	25.50 	15
102.23 	25.95 	14
100.67 	25.90 	13
100.92 	27.06 	14
102.46 	28.90 	11
102.38 	29.03 	16
105.00 	28.26 	18
104.18 	28.13 	17
103.96 	28.01 	12
102.58 	29.00 	18
103.79 	27.89 	17
104.92 	28.43 	14
101.27 	26.01 	16
103.08 	29.54 	17
101.66 	21.72 	31
102.09 	25.91 	12
102.03 	29.85 	12
104.20 	23.06 	15
103.03 	26.98 	16
102.44 	22.80 	9
102.52 	23.85 	14
104.12 	28.01 	15
104.11 	28.04 	15
101.84 	24.76 	16
101.24 	22.07 	12
104.92 	28.45 	17
101.29 	26.89 	10
103.77 	27.14 	17
101.80 	29.71 	13
103.01 	29.69 	16
104.22 	28.00 	18
104.97 	28.36 	18
105.02 	28.42 	12
104.20 	28.39 	16
104.97 	28.41 	14
109.71 	21.43 	15
102.43 	29.09 	12
102.28 	22.97 	15
103.18 	24.46 	26
103.08 	24.42 	19
103.16 	29.73 	15
103.91 	28.02 	18
104.21 	28.05 	16
101.07 	27.27 	15
104.25 	27.97 	18
104.20 	27.98 	17
104.18 	28.10 	16
103.00 	27.28 	12
104.25 	28.05 	17
104.26 	28.08 	15
104.34 	28.02 	21
104.22 	27.99 	15
101.37 	25.71 	16
100.55 	22.43 	18
105.09 	28.37 	21
105.04 	28.39 	15
100.03 	22.28 	21
104.18 	28.02 	17
104.13 	28.04 	17
104.64 	28.16 	15
103.98 	27.89 	13
101.12 	23.91 	17
102.93 	29.99 	16
105.69 	29.39 	18
103.90 	27.97 	13
103.83 	27.99 	18
100.12 	26.05 	18
102.57 	24.27 	12
101.41 	23.23 	21
100.62 	26.72 	25
101.13 	26.91 	17
103.42 	28.16 	8
101.04 	25.66 	16
101.87 	25.58 	12
102.45 	29.24 	10
102.80 	29.86 	17
100.05 	26.36 	13
101.14 	23.98 	22
100.23 	27.72 	19
104.14 	27.37 	16
102.47 	24.05 	20
102.53 	29.07 	12
102.44 	29.08 	12
102.64 	28.87 	16
101.09 	25.46 	17
105.10 	28.51 	18
105.05 	28.38 	14
100.06 	26.83 	19
103.03 	24.58 	23
100.66 	22.00 	15
103.74 	27.18 	20
104.44 	27.42 	9
100.07 	27.86 	15
101.58 	23.22 	15
101.14 	25.91 	14
100.64 	20.24 	11
100.59 	20.40 	12
108.52 	25.36 	10
100.94 	26.26 	10
100.93 	27.65 	25
100.73 	25.37 	22
106.62 	28.09 	15
100.67 	26.64 	13
100.48 	26.19 	16
100.85 	28.47 	12
101.45 	23.13 	31
101.74 	23.35 	30
104.23 	23.26 	21
102.06 	29.68 	15
105.38 	28.19 	21
104.98 	28.40 	15
105.10 	27.93 	15
100.63 	21.30 	15
101.28 	27.38 	16
103.64 	27.11 	19
102.17 	25.92 	8
103.26 	25.25 	12
102.61 	24.23 	19
105.40 	28.17 	25
107.60 	23.57 	9
101.06 	25.81 	15
103.84 	23.52 	18
104.15 	23.08 	15
104.07 	23.35 	28
104.95 	23.50 	15
104.14 	23.33 	17
102.24 	22.48 	29
103.73 	27.27 	16
105.75 	28.60 	30
105.66 	28.79 	14
101.92 	25.40 	13
103.78 	27.22 	32
103.39 	24.18 	12
103.26 	24.21 	15
100.77 	26.71 	14
100.96 	24.78 	17
103.09 	24.93 	22
103.03 	24.91 	15
103.03 	24.81 	8
101.40 	25.03 	17
100.66 	29.07 	13
101.47 	25.00 	14
101.95 	29.56 	15
102.28 	25.72 	14
100.56 	26.04 	8
103.50 	24.28 	13
104.04 	23.70 	28
103.00 	26.07 	41
104.15 	23.49 	8
104.29 	24.57 	22
104.13 	23.52 	16
104.10 	23.26 	17
104.42 	22.88 	15
104.13 	23.60 	11
100.47 	28.06 	4
102.85 	26.59 	19
103.04 	26.50 	12
103.06 	26.60 	31
103.06 	26.42 	26
103.06 	26.46 	32
103.07 	25.26 	12
104.51 	29.13 	19
101.37 	27.25 	8
100.03 	26.28 	7
104.18 	23.52 	13
104.91 	23.46 	30
104.11 	23.43 	9
103.75 	24.16 	13
101.18 	25.88 	16
101.17 	29.44 	17
101.81 	25.41 	22
100.55 	25.85 	12
100.51 	25.76 	8
102.08 	25.86 	15
103.91 	24.09 	6
108.13 	25.74 	28
101.86 	25.50 	14
100.69 	26.70 	11
101.39 	23.34 	20
103.02 	29.70 	12
102.01 	25.54 	19
101.40 	27.34 	11
102.21 	25.96 	18
100.44 	26.05 	18
100.91 	27.65 	14
101.19 	25.47 	15
101.73 	20.80 	32
101.79 	25.40 	12
103.85 	27.25 	11
103.78 	27.22 	16
101.21 	27.61 	9
101.23 	25.87 	17
100.90 	22.55 	11
100.39 	25.89 	17
102.77 	24.30 	15
103.97 	23.57 	16
104.07 	23.29 	10
100.68 	22.53 	31
100.83 	22.68 	3
104.18 	23.22 	32
102.07 	25.55 	5
101.37 	27.60 	43
100.05 	26.33 	10
100.10 	26.26 	15
100.05 	26.34 	19
100.41 	24.83 	19
100.18 	26.94 	11
105.88 	29.55 	25
101.89 	25.48 	14
100.00 	26.39 	13
100.00 	26.28 	15
100.01 	26.40 	15
101.53 	24.69 	15
100.07 	25.93 	12
101.55 	24.80 	21
101.75 	24.76 	51
100.50 	26.04 	21
100.53 	26.01 	11
100.17 	25.88 	15
103.72 	27.15 	16
101.13 	27.60 	11
101.39 	25.94 	15
100.08 	25.53 	14
102.31 	25.69 	9
102.42 	25.75 	13
103.28 	29.47 	19
103.19 	27.05 	11
100.49 	27.75 	7
101.90 	25.38 	14
103.72 	27.15 	6
103.72 	27.08 	8
103.77 	27.21 	9
100.84 	26.95 	14
100.16 	25.26 	17
100.04 	25.48 	14
100.02 	25.39 	20
102.97 	24.63 	38
102.85 	24.27 	9
103.75 	27.07 	20
101.98 	25.46 	14
107.88 	20.51 	15
102.06 	25.54 	22
106.15 	26.04 	23
103.73 	28.67 	14
100.84 	26.57 	19
100.54 	23.53 	26
103.99 	27.33 	10
103.01 	24.92 	15
102.97 	24.61 	12
103.06 	24.91 	18
100.46 	23.76 	19
101.31 	25.11 	15
102.18 	25.85 	9
104.23 	24.26 	16
103.71 	27.18 	26
101.19 	26.78 	12
101.30 	24.86 	18
103.38 	28.24 	10
101.50 	25.52 	5
101.90 	26.38 	12
103.29 	26.11 	21
104.57 	24.16 	16
104.41 	24.18 	11
103.58 	27.25 	14
103.63 	27.19 	12
102.63 	24.52 	17
101.16 	27.31 	11
103.61 	27.24 	13
103.69 	27.15 	18
103.67 	27.30 	10
103.70 	27.14 	6
103.69 	27.22 	6
103.71 	27.31 	10
103.81 	27.17 	8
103.76 	27.25 	6
101.82 	25.00 	12
104.28 	29.52 	14
100.56 	25.90 	12
100.47 	25.82 	14
100.47 	25.89 	14
102.88 	24.37 	19
101.22 	26.93 	10
101.00 	29.45 	13
100.54 	25.88 	17
100.41 	25.74 	13
100.50 	25.88 	12
103.15 	26.35 	17
102.21 	21.75 	8
101.20 	25.89 	14
104.74 	29.01 	20
104.78 	29.13 	29
101.93 	25.55 	18
101.84 	25.51 	15
102.12 	25.64 	7
105.07 	28.32 	15
103.67 	27.37 	13
102.27 	29.10 	14
101.23 	25.97 	13
100.14 	26.10 	6
107.06 	28.99 	16
103.11 	26.50 	10
102.12 	26.03 	14
102.33 	25.65 	48
101.42 	24.77 	12
102.44 	29.03 	18
108.34 	29.41 	18
102.12 	29.73 	13
104.74 	28.17 	15
101.39 	25.81 	15
101.19 	22.55 	15
101.20 	25.91 	18
101.25 	25.98 	14
100.74 	25.85 	15
101.19 	26.01 	19
103.72 	27.23 	19
101.33 	25.92 	30
101.31 	25.81 	32
101.28 	25.85 	14
103.16 	27.05 	8
101.25 	25.90 	9
101.55 	23.39 	23
101.23 	27.41 	10
103.52 	28.08 	21
100.05 	25.70 	10
101.12 	25.91 	19
101.30 	27.36 	24
104.67 	28.22 	14
104.69 	28.28 	16
100.71 	22.51 	15
101.27 	25.90 	13
101.83 	23.61 	16
102.78 	23.46 	25
101.23 	25.93 	15
100.83 	27.48 	14
102.93 	27.12 	12
102.89 	23.39 	17
102.29 	25.86 	14
101.23 	25.97 	18
101.66 	29.90 	10
100.94 	29.49 	17
103.83 	26.62 	30
100.84 	27.70 	16
100.92 	27.55 	23
103.88 	28.03 	11
104.52 	26.89 	10
100.89 	29.46 	8
103.77 	27.20 	15
101.22 	25.92 	12
103.74 	27.19 	5
103.79 	27.13 	7
103.71 	27.18 	6
103.67 	27.32 	5
102.07 	29.65 	11
102.26 	29.58 	10
101.04 	29.48 	26
100.07 	26.26 	26
100.05 	26.31 	16
102.08 	29.68 	9
103.72 	27.31 	13
100.05 	26.20 	7
101.18 	28.29 	31
100.10 	26.11 	10
101.01 	20.57 	27
103.77 	27.11 	25
102.96 	24.69 	29
103.67 	27.20 	11
103.78 	27.13 	10
103.77 	27.27 	20
100.43 	23.35 	21
103.71 	27.24 	14
103.76 	27.22 	24
108.62 	30.00 	17
100.06 	26.32 	21
100.00 	26.12 	23
100.10 	26.24 	28
100.12 	26.08 	20
101.87 	23.62 	19
101.36 	25.93 	10
101.12 	25.93 	17
101.29 	25.93 	16
100.89 	26.54 	33
100.92 	26.56 	31
101.30 	25.92 	31
102.50 	29.23 	18
102.24 	29.61 	12
102.05 	29.73 	11
101.24 	25.86 	12
101.20 	25.93 	9
102.99 	24.51 	24
105.89 	29.46 	14
102.92 	24.52 	19
101.23 	25.95 	12
101.70 	23.46 	18
101.23 	25.96 	12
101.22 	25.94 	11
101.07 	27.21 	9
101.18 	25.99 	13
101.22 	25.95 	32
101.28 	25.91 	9
101.25 	25.92 	16
101.22 	25.91 	18
101.20 	25.97 	13
101.18 	25.88 	14
101.22 	25.94 	11
101.22 	25.92 	10
101.25 	25.93 	23
101.31 	25.97 	30
101.15 	25.92 	13
101.22 	26.03 	17
101.26 	25.71 	12
101.26 	25.99 	22
101.34 	25.98 	32
101.21 	26.00 	15
103.50 	21.19 	32
101.13 	25.91 	14
103.50 	28.42 	16
101.17 	25.87 	8
102.46 	29.03 	18
101.13 	25.98 	16
101.27 	27.32 	13
101.02 	25.93 	15
101.30 	25.93 	16
101.14 	25.94 	14
101.22 	26.06 	17
102.36 	29.26 	15
100.87 	29.56 	8
100.99 	29.52 	33
101.20 	25.80 	10
101.08 	25.91 	17
102.77 	28.29 	12
101.18 	27.35 	8
101.13 	27.32 	11
103.20 	24.63 	25
101.31 	27.42 	23
101.34 	27.49 	23
101.41 	27.44 	14
101.34 	27.49 	23
101.29 	25.92 	11
101.13 	26.06 	13
101.21 	26.07 	19
101.19 	25.88 	15
101.20 	25.95 	13
101.28 	26.01 	10
101.08 	25.93 	15
101.04 	26.05 	16
101.02 	26.06 	19
101.16 	26.01 	16
101.16 	25.94 	10
101.00 	26.10 	22
101.19 	26.05 	17
101.17 	26.01 	19
101.18 	25.98 	13
101.29 	25.88 	14
101.28 	25.95 	9
101.21 	26.02 	15
101.25 	25.94 	12
101.14 	26.08 	10
101.17 	25.94 	12
101.21 	25.98 	14
101.25 	25.93 	12
101.24 	26.02 	10
101.09 	25.97 	19
101.19 	26.09 	16
101.12 	26.00 	17
101.13 	25.97 	16
101.04 	25.99 	16
101.12 	25.89 	11
101.17 	25.90 	7
101.27 	25.99 	10
100.18 	27.38 	29
106.12 	28.19 	17
100.37 	25.31 	13
102.69 	27.68 	15
102.52 	27.79 	30
100.16 	26.17 	14
100.40 	25.13 	10
102.81 	27.62 	17
104.90 	28.44 	11
102.36 	27.88 	32
100.53 	24.93 	13
103.47 	30.00 	10
103.70 	28.68 	17
104.74 	28.16 	12
100.82 	26.41 	8
103.84 	28.67 	16
102.38 	29.08 	15
103.62 	28.71 	16
103.77 	28.74 	22
103.19 	20.49 	32
102.82 	24.90 	18
101.97 	21.05 	15
100.93 	20.94 	15
107.21 	29.06 	11
108.79 	21.82 	29
100.11 	27.54 	7
101.43 	21.38 	27
100.05 	27.57 	17
105.78 	29.33 	13
100.35 	22.68 	30
102.32 	22.35 	32
103.25 	20.70 	5
102.09 	23.10 	15
101.15 	20.92 	15
107.71 	22.19 	13
100.32 	21.85 	15
104.17 	29.30 	30
104.12 	29.39 	14
105.93 	28.99 	15
109.92 	29.95 	25
100.09 	24.50 	9
104.87 	28.37 	13
103.87 	28.56 	16
101.94 	25.79 	22
103.16 	25.07 	15
102.34 	29.27 	16
107.19 	29.36 	9
100.87 	27.59 	14
101.65 	26.82 	18
100.98 	25.56 	14
108.09 	29.18 	22
102.28 	25.36 	18
102.31 	25.42 	18
105.86 	29.38 	29
103.06 	22.02 	15
105.68 	29.07 	7
101.01 	27.19 	14
102.51 	23.22 	20
100.50 	23.64 	6
100.41 	23.59 	27
100.47 	23.61 	12
100.48 	23.65 	8
101.64 	21.52 	12
102.26 	25.91 	16
100.60 	26.08 	13
102.24 	25.91 	15
100.98 	29.37 	25
105.73 	28.52 	30
104.04 	29.25 	13
102.08 	25.81 	8
102.27 	25.86 	9
101.00 	22.74 	25
100.93 	26.55 	73
101.15 	26.97 	21
105.64 	29.33 	15
100.13 	25.52 	24
104.05 	29.22 	17
103.02 	22.15 	7
104.95 	28.21 	16
100.91 	27.54 	10
100.95 	27.58 	22
100.77 	27.94 	13
100.92 	27.58 	26
100.87 	27.55 	18
100.92 	26.63 	21
101.75 	25.60 	11
103.12 	27.16 	15
100.98 	25.71 	23
101.08 	25.63 	14
100.45 	23.66 	28
100.57 	25.82 	4
101.54 	22.81 	10
100.07 	25.86 	15
104.60 	29.16 	11
101.07 	27.35 	26
103.36 	29.43 	18
103.25 	23.81 	30
102.89 	27.62 	25
103.02 	26.69 	14
105.31 	28.87 	13
103.72 	28.61 	14
104.04 	29.28 	17
100.22 	25.68 	14
100.96 	29.45 	13
103.37 	23.90 	13
102.83 	27.47 	26
103.17 	25.27 	20
103.21 	25.28 	26
101.01 	29.46 	12
101.27 	26.10 	8
100.19 	25.86 	21
103.55 	24.47 	21
105.73 	29.36 	33
104.87 	28.43 	18
102.71 	22.48 	7
102.50 	27.49 	28
103.98 	24.62 	24
104.51 	26.96 	10
102.87 	27.08 	33
102.35 	24.84 	5
101.13 	23.13 	6
102.33 	28.70 	30
101.70 	20.75 	15
102.36 	29.52 	15
100.64 	26.62 	19
106.82 	28.83 	5
100.57 	23.67 	22
105.15 	28.24 	25
106.85 	29.04 	20
103.00 	29.95 	20
102.82 	26.51 	16
101.59 	21.10 	20
101.72 	21.29 	30
101.13 	25.58 	12
100.96 	27.58 	15
101.08 	29.46 	13
102.03 	25.79 	6
104.78 	29.00 	60
102.20 	24.00 	21
106.50 	29.80 	20
101.03 	21.63 	33
103.85 	28.04 	15
104.33 	29.43 	23
104.88 	29.08 	16
102.37 	24.99 	20
102.96 	22.47 	22
105.30 	29.20 	20
103.00 	27.00 	11
101.50 	29.20 	20
100.97 	29.53 	64
101.00 	22.44 	17
105.79 	28.20 	15
105.50 	29.20 	15
100.33 	27.22 	16
103.40 	29.50 	15
100.61 	26.24 	6
100.42 	26.43 	26
100.73 	26.31 	5
100.50 	26.30 	10
100.50 	26.30 	10
100.62 	26.33 	12
103.82 	28.73 	25
102.00 	29.40 	15
100.93 	27.39 	7
105.50 	29.30 	12
103.24 	27.34 	28
103.11 	23.94 	30
104.85 	28.52 	13
100.56 	23.74 	15
100.62 	23.83 	14
100.54 	23.22 	32
100.47 	25.44 	15
100.76 	26.26 	8
100.60 	23.80 	15
100.38 	23.56 	10
104.13 	25.80 	31
104.26 	25.83 	18
100.70 	26.30 	15
104.14 	25.82 	17
100.55 	23.71 	24
100.83 	26.23 	8
100.82 	26.24 	7
100.86 	26.18 	7
100.70 	26.30 	15
100.30 	23.30 	21
100.56 	23.49 	31
100.72 	23.65 	30
100.55 	23.38 	31
100.70 	26.32 	26
101.30 	25.20 	21
100.50 	27.40 	22
104.46 	25.34 	31
101.80 	27.10 	20
100.95 	27.55 	16
101.18 	27.69 	23
100.96 	27.62 	27
100.99 	27.59 	26
100.98 	27.63 	31
102.50 	20.80 	15
105.60 	26.80 	15
103.84 	28.89 	33
101.23 	27.53 	23
101.44 	27.49 	15
101.40 	29.40 	15
100.20 	27.20 	15
101.03 	27.59 	56
103.66 	27.98 	23
100.82 	27.64 	21
100.95 	27.54 	32
101.00 	27.50 	15
102.75 	24.35 	26
102.77 	24.38 	26
102.51 	29.86 	25
101.40 	24.90 	15
101.51 	24.96 	30
100.20 	27.20 	15
100.96 	27.63 	25
105.63 	29.36 	39
101.37 	24.95 	23
102.89 	25.01 	27
102.87 	21.58 	17
103.12 	26.09 	28
102.81 	22.27 	10
101.50 	29.40 	25
101.07 	27.44 	25
100.92 	27.35 	23
101.00 	27.62 	19
100.91 	27.48 	28
101.20 	27.60 	15
103.13 	24.95 	9
100.93 	27.53 	24
100.97 	27.58 	27
100.03 	25.28 	3
101.98 	24.39 	22
102.31 	25.84 	11
101.00 	27.13 	15
106.10 	29.20 	13
101.01 	29.57 	6
101.30 	29.40 	12
102.35 	23.09 	20
102.90 	29.10 	15
103.00 	21.00 	15
102.36 	25.95 	17
102.30 	25.40 	21
100.80 	29.60 	15
102.60 	26.19 	29
102.31 	25.79 	30
102.30 	25.70 	15
102.30 	25.70 	15
100.90 	29.40 	15
102.36 	25.79 	31
101.00 	29.20 	20
103.31 	22.28 	21
101.10 	22.30 	21
101.10 	25.50 	25
101.03 	25.54 	19
101.20 	26.70 	10
101.30 	21.20 	15
100.10 	26.30 	14
102.00 	29.00 	15
101.52 	25.20 	24
101.45 	25.02 	33
102.00 	27.40 	15
100.99 	29.35 	10
102.88 	27.76 	32
100.89 	27.69 	32
103.22 	21.99 	10
101.65 	29.36 	23
101.29 	20.66 	15
101.05 	25.58 	17
101.00 	25.30 	15
100.95 	29.52 	25
101.14 	29.55 	24
103.15 	21.68 	5
102.90 	21.10 	15
103.08 	21.59 	14
101.00 	21.70 	30
101.10 	29.50 	15
101.15 	29.43 	33
100.92 	29.39 	11
100.80 	25.30 	15
101.06 	27.14 	20
101.10 	29.48 	15
103.00 	26.40 	21
105.50 	29.20 	20
100.85 	29.38 	26
103.11 	22.19 	9
103.21 	29.42 	13
100.89 	25.87 	13
102.05 	21.67 	27
104.77 	28.46 	18
102.32 	25.72 	11
101.26 	21.44 	11
102.47 	26.17 	11
100.25 	27.00 	21
101.92 	21.84 	21
101.20 	25.69 	5
105.20 	24.92 	27
105.03 	25.18 	16
101.82 	25.76 	31
101.10 	29.54 	14
103.56 	28.12 	15
100.16 	26.02 	10
102.12 	25.83 	11
100.36 	25.95 	5
102.35 	25.80 	16
102.42 	25.89 	24
102.25 	25.82 	12
103.05 	24.95 	21
102.93 	24.58 	7
104.66 	28.30 	9
100.07 	25.49 	14
102.49 	25.74 	19
102.35 	25.78 	16
102.25 	25.80 	17
102.38 	25.79 	13
102.32 	25.72 	25
102.31 	25.80 	15
102.22 	25.71 	27
102.31 	25.72 	32
103.86 	28.15 	31
105.22 	24.92 	22
105.39 	24.71 	18
105.04 	24.80 	12
104.90 	25.20 	33
104.95 	25.34 	21
104.84 	25.27 	20
105.26 	24.82 	25
105.02 	25.24 	31
103.06 	27.08 	20
101.19 	26.98 	20
101.33 	27.06 	29
101.62 	22.11 	29
100.19 	27.12 	25
104.65 	29.08 	10
101.10 	25.55 	18
101.52 	28.70 	32
103.61 	27.80 	16
101.48 	26.69 	20
101.20 	22.93 	10
101.70 	21.78 	9
103.48 	24.38 	20
101.28 	21.98 	17
102.29 	25.73 	25
106.92 	21.94 	17
100.60 	27.33 	26
101.88 	29.95 	10
105.54 	29.47 	16
101.08 	25.73 	7
101.09 	25.68 	21
102.64 	23.73 	15
101.10 	25.58 	11
103.61 	25.60 	15
105.11 	27.95 	18
105.71 	29.41 	30
104.07 	22.01 	16
100.77 	23.83 	17
102.88 	29.51 	15
101.13 	25.63 	31
103.10 	29.50 	9
103.54 	28.24 	19
107.40 	24.27 	20
101.09 	25.53 	27
101.18 	25.64 	14
101.81 	25.12 	17
100.97 	25.46 	11
102.44 	24.22 	23
101.07 	25.48 	15
103.21 	26.52 	19
104.84 	28.45 	14
104.06 	26.94 	20
101.79 	25.05 	15
101.03 	25.55 	20
101.72 	24.97 	15
101.73 	24.91 	15
101.78 	24.96 	22
102.14 	29.32 	15
101.63 	26.77 	15
101.15 	25.66 	18
101.00 	25.50 	14
101.04 	25.54 	29
100.98 	25.91 	11
101.11 	25.52 	17
103.70 	24.25 	20
103.28 	27.25 	13
101.09 	25.55 	32
101.01 	25.58 	29
101.12 	25.56 	16
101.58 	25.83 	15
101.13 	25.64 	23
101.11 	25.47 	16
101.20 	25.63 	31
101.19 	25.59 	32
100.80 	25.60 	8
100.68 	25.65 	5
101.17 	25.58 	28
101.21 	25.56 	33
103.74 	23.41 	27
103.10 	24.58 	11
103.18 	24.59 	17
102.79 	28.65 	23
101.48 	26.99 	15
