# line 1
43.171  44.7895
42.8345 43.9558
42.5565 43.2251
42.1859 42.5856
41.6608 42.068
40.9813 41.7939
40.24   41.6721
39.4677 41.6415
38.6955 41.6719
37.9541 41.7632
37.2128 41.9154
36.5023 42.1284
35.761  42.4024
35.0814 42.7372
34.4018 43.1025
33.7839 43.5287
33.197  44.0158
32.6718 44.5942
32.3011 45.2335
32.0539 45.9642
31.9381 46.5655
31.9689 47.1516
32.0538 47.5779
32.2082 48.3086
32.4552 49.0393
32.7641 49.7396
33.0729 50.4399
33.3817 51.1402
33.6906 51.8405
33.9994 52.5408
34.3082 53.2411
34.6789 53.911
35.0804 54.5504
35.4819 55.1898
35.9143 55.8292
36.3467 56.4686
36.7791 57.108
37.2115 57.717
37.6747 58.326
38.138  58.935
38.6013 59.5439
39.0646 60.1529
39.5588 60.7619
40.0221 61.3404
40.5471 61.9189
41.0722 62.467
41.6282 62.9847
42.215  63.5023
42.8019 63.9591
43.4196 64.3854
44.0992 64.7812
44.8096 65.0858
45.5509 65.2076
46.1688 64.8728
46.5704 64.203
46.8175 63.4723
46.9412 62.7416
47.003  61.9804
47.034  61.2193
47.0337 60.5498
47.046  59.8249
47.0338 59.112
47.0339 58.4837
47.0462 57.8554
47.0343 57.2308
46.9726 56.4697
46.7255 55.7389
46.5094 55.0082
46.2623 54.2774
46.1079 53.5467
>
# line 2
42.6804 38.9626
42.8041 38.2014
43.0204 37.5012
43.3602 36.801
43.7927 36.1616
44.3487 35.6136
44.9357 35.157
45.5535 34.7308
46.1713 34.2742
46.8509 33.8784
47.5305 33.5436
48.2101 33.2087
48.9206 32.8739
49.6311 32.5695
50.3416 32.2651
51.052  31.9607
51.7625 31.6868
52.473  31.4128
53.2144 31.1693
53.9557 31.0172
54.6971 30.8954
55.4384 30.8042
56.1798 30.7129
56.952  30.6216
57.6934 30.5608
58.4347 30.5304
59.2069 30.561
59.4849 30.7741
59.9482 31.3831
60.3806 32.0225
60.7821 32.6619
61.1218 33.3622
61.3998 34.0625
61.6777 34.7628
61.9248 35.4935
62.1718 36.2243
62.4189 36.9246
62.635  37.6553
62.8821 38.386
63.0983 39.1168
63.3453 39.8475
63.5306 40.5782
63.7467 41.309
63.8756 41.9816
63.8756 42.4994
63.6539 43.0444
63.3141 43.7142
62.8816 44.3535
62.48   44.9929
62.0475 45.6017
61.615  46.2106
61.1825 46.85
60.75   47.4893
60.2557 48.0677
59.7614 48.6766
59.2671 49.255
58.7729 49.803
58.2477 50.3815
57.7225 50.9599
57.2282 51.5079
56.7031 52.0863
56.1779 52.6343
55.6528 53.1823
55.1276 53.7303
54.6024 54.2782
54.0464 54.8262
53.4594 55.3438
52.8416 55.7699
52.162  56.1352
51.4515 56.3483
50.6793 56.4091
49.938  56.3481
49.1657 56.1958
48.4553 55.9522
47.8067 55.5259
47.2816 54.9778
46.8492 54.3384
46.4786 53.6685
46.1389 52.9987
45.8609 52.4506
45.5212 51.7503
45.1815 51.05
44.9035 50.3497
44.6256 49.6494
44.3476 48.9187
44.1006 48.2184
43.8535 47.4877
43.6374 46.7569
43.4212 46.0262
43.2668 45.2955
43.1433 44.5343
43.0198 43.6514
42.8963 42.9206
42.8037 42.1595
42.7111 41.3983
42.6346 40.7943
42.5979 39.9122
42.6102 39.4289
42.6804 38.9626
>
# line 3
59.4849 30.5914
59.9174 29.9521
60.3808 29.3432
60.8751 28.7648
61.3694 28.1864
61.8945 27.6079
62.4197 27.0904
62.9758 26.5424
63.5627 26.0249
64.1496 25.5378
64.7057 25.0811
65.3235 24.5941
65.9413 24.1679
66.5592 23.7112
67.177  23.285
67.8257 22.8589
68.4435 22.4327
69.0922 22.0065
69.71   21.5498
70.3588 21.1541
71.0075 20.7279
71.6253 20.3017
72.274  19.8755
72.9227 19.4798
73.5714 19.0536
74.2201 18.6579
74.8997 18.2926
75.5793 17.8968
76.2589 17.5316
76.9385 17.1967
77.649  16.8923
78.3595 16.5879
79.0699 16.314
79.7804 16.04
80.5218 15.7661
81.2323 15.4921
81.9427 15.2486
82.6841 15.0051
83.3946 14.8834
84.1668 14.853
84.9081 14.9444
85.6495 15.0054
86.3599 15.1882
86.9468 15.6449
87.441  16.2234
87.5914 16.4913
87.7112 16.9161
87.7111 17.4489
87.6879 17.8676
87.4716 18.5983
87.1936 19.2985
86.8846 19.9987
86.5139 20.6685
86.1432 21.3383
85.7724 21.9776
85.4017 22.6474
85.0001 23.2868
84.5985 23.9565
84.2278 24.5959
83.8261 25.2657
83.4245 25.905
83.0229 26.5443
82.6213 27.2141
82.1888 27.8534
81.7872 28.4928
81.3547 29.1321
80.9222 29.7714
80.4897 30.3803
80.0572 31.0197
79.5938 31.6285
79.1613 32.2679
78.6979 32.8768
78.2345 33.4856
77.7711 34.0945
77.3077 34.673
76.8134 35.2818
76.35   35.8907
75.8558 36.4692
75.3615 37.0476
74.8672 37.626
74.342  38.2045
73.8478 38.7829
73.3226 39.3309
72.7974 39.9093
72.2723 40.4268
71.7162 40.9748
71.1602 41.5228
70.6041 42.0099
70.0172 42.497
69.3685 42.9232
68.7506 43.3494
68.0402 43.6842
67.3297 43.9277
66.5574 43.9885
65.8161 43.8362
65.1366 43.5012
64.5188 43.0445
63.9629 42.5268



