>
122.832884 24.613936
122.683596 23.615952
122.682470 23.616797
>
121.960666 21.697280
121.290124 20.908068
>
119.956240 18.906777
119.469831 18.009715
>
119.085069 15.882608
119.087357 14.873616
>
118.990542 11.937620
118.988803 11.932296
118.987057 11.926974
118.985304 11.921655
118.983544 11.916338
118.981778 11.911023
118.980005 11.905711
118.978225 11.900401
118.976438 11.895093
118.974645 11.889787
118.972845 11.884483
118.971038 11.879182
118.969224 11.873884
118.967404 11.868587
118.965576 11.863293
118.963742 11.858001
118.961902 11.852712
118.960054 11.847424
118.958200 11.842140
118.956339 11.836857
118.954472 11.831577
118.952597 11.826300
118.950716 11.821024
118.948828 11.815751
118.946934 11.810481
118.945033 11.805213
118.943125 11.799947
118.941210 11.794684
118.939289 11.789423
118.937361 11.784165
118.935426 11.778909
118.933484 11.773656
118.931536 11.768405
118.929581 11.763157
118.927620 11.757911
118.925652 11.752668
118.923677 11.747427
118.921695 11.742188
118.919707 11.736953
118.917712 11.731719
118.915710 11.726489
118.913702 11.721260
118.911687 11.716035
118.909666 11.710812
118.907637 11.705591
118.905603 11.700373
118.903561 11.695158
118.901513 11.689945
118.899458 11.684735
118.897397 11.679528
118.895329 11.674323
118.893254 11.669121
118.891172 11.663921
118.889085 11.658725
118.886990 11.653530
118.884889 11.648339
118.882781 11.643150
118.880667 11.637964
118.878546 11.632780
118.876418 11.627600
118.874284 11.622422
118.872143 11.617246
118.869995 11.612074
118.867841 11.606904
118.865681 11.601737
118.863514 11.596573
118.861340 11.591411
118.859160 11.586252
118.856973 11.581096
118.854779 11.575943
118.852579 11.570793
118.850372 11.565645
118.848159 11.560500
118.845940 11.555358
118.843713 11.550219
118.841481 11.545083
118.839241 11.539950
118.836995 11.534819
118.834743 11.529691
118.832484 11.524566
118.830218 11.519444
118.827946 11.514325
118.825668 11.509209
118.823383 11.504096
118.821091 11.498986
118.818793 11.493878
118.816488 11.488774
118.814177 11.483672
118.811860 11.478574
118.809536 11.473478
118.807205 11.468385
118.804868 11.463296
118.802525 11.458209
118.800174 11.453125
118.797818 11.448044
118.795455 11.442967
118.793086 11.437892
118.790710 11.432820
118.788327 11.427752
118.785938 11.422686
118.783543 11.417624
118.781141 11.412564
118.778733 11.407508
118.776319 11.402454
118.773898 11.397404
118.771470 11.392357
118.769036 11.387313
118.766596 11.382272
118.764149 11.377234
118.761696 11.372199
118.759236 11.367167
118.756770 11.362139
118.754298 11.357114
118.751819 11.352091
118.749334 11.347072
118.746842 11.342057
118.744344 11.337044
118.741840 11.332034
118.739329 11.327028
118.736812 11.322025
118.734288 11.317025
118.731758 11.312029
118.729222 11.307035
118.726679 11.302045
118.724131 11.297058
118.721575 11.292074
118.719014 11.287094
118.716445 11.282117
118.713871 11.277143
118.711290 11.272172
118.708703 11.267205
118.706110 11.262241
118.703510 11.257280
118.700904 11.252323
118.698292 11.247369
118.695673 11.242418
118.693048 11.237471
118.690417 11.232527
118.687780 11.227586
118.685136 11.222649
118.682486 11.217715
118.679829 11.212784
118.677167 11.207857
118.674498 11.202933
118.671822 11.198013
118.669141 11.193096
118.666453 11.188182
118.663759 11.183272
118.661059 11.178366
118.658352 11.173462
118.655640 11.168563
118.652921 11.163666
118.650195 11.158773
118.647464 11.153884
118.644726 11.148998
118.641982 11.144116
118.639232 11.139237
118.636476 11.134362
118.633713 11.129490
118.630944 11.124621
118.628169 11.119757
118.625388 11.114895
118.622601 11.110038
118.619807 11.105184
118.617007 11.100333
118.614201 11.095486
118.611389 11.090642
118.608571 11.085803
118.605747 11.080966
118.602916 11.076134
118.600079 11.071305
118.597236 11.066479
118.594387 11.061657
118.591532 11.056839
118.588671 11.052025
118.585803 11.047214
118.582930 11.042407
118.580050 11.037603
118.577164 11.032803
118.574272 11.028007
118.571374 11.023215
118.568470 11.018426
118.565560 11.013641
>
116.314463  7.943275
115.630041  7.201216
>
112.843585  3.715938
112.839421  3.713904
112.835255  3.711877
112.831085  3.709856
112.826912  3.707842
112.822737  3.705834
112.818558  3.703833
112.814376  3.701838
112.810190  3.699850
112.806002  3.697868
112.801811  3.695892
112.797617  3.693923
112.793419  3.691961
112.789219  3.690005
112.785015  3.688055
112.780809  3.686112
112.776599  3.684176
112.772387  3.682246
112.768172  3.680323
112.763953  3.678406
112.759732  3.676495
112.755507  3.674592
112.751280  3.672694
112.747050  3.670804
112.742817  3.668920
112.738581  3.667042
112.734342  3.665171
112.730100  3.663306
112.725855  3.661449
112.721608  3.659597
112.717357  3.657752
112.713104  3.655914
112.708848  3.654083
112.704589  3.652258
112.700327  3.650439
112.696063  3.648627
112.691795  3.646822
112.687525  3.645024
112.683252  3.643232
112.678976  3.641446
112.674698  3.639668
112.670417  3.637896
112.666133  3.636130
112.661846  3.634371
112.657557  3.632619
112.653265  3.630873
112.648970  3.629135
112.644672  3.627402
112.640372  3.625677
112.636069  3.623958
112.631764  3.622245
112.627456  3.620540
112.623145  3.618841
112.618831  3.617149
112.614515  3.615463
112.610197  3.613784
112.605875  3.612112
112.601552  3.610446
112.597225  3.608787
112.592896  3.607135
112.588565  3.605490
112.584231  3.603851
112.579894  3.602219
112.575555  3.600594
112.571214  3.598975
112.566869  3.597363
112.562523  3.595758
112.558174  3.594160
112.553822  3.592568
112.549468  3.590983
112.545112  3.589405
112.540753  3.587834
112.536392  3.586269
112.532028  3.584711
112.527662  3.583160
112.523293  3.581616
112.518922  3.580078
112.514549  3.578547
112.510173  3.577023
112.505795  3.575506
112.501415  3.573995
112.497032  3.572491
112.492647  3.570994
112.488260  3.569504
112.483870  3.568021
112.479478  3.566544
112.475084  3.565074
112.470688  3.563611
112.466289  3.562155
112.461888  3.560706
112.457485  3.559263
112.453079  3.557827
112.448672  3.556399
112.444262  3.554976
112.439850  3.553561
112.435436  3.552153
112.431019  3.550751
112.426601  3.549356
112.422180  3.547968
112.417757  3.546587
112.413332  3.545213
112.408905  3.543846
112.404475  3.542485
112.400044  3.541132
112.395611  3.539785
112.391175  3.538445
112.386738  3.537112
112.382298  3.535786
112.377856  3.534466
112.373412  3.533154
112.368967  3.531848
112.364519  3.530550
112.360069  3.529258
112.355617  3.527973
112.351164  3.526695
112.346708  3.525424
112.342250  3.524160
112.337791  3.522902
112.333329  3.521652
112.328865  3.520408
112.324400  3.519172
112.319933  3.517942
112.315463  3.516720
112.310992  3.515504
112.306519  3.514295
112.302044  3.513093
112.297568  3.511898
112.293089  3.510710
112.288609  3.509528
112.284126  3.508354
112.279642  3.507187
112.275156  3.506027
112.270669  3.504873
112.266179  3.503727
112.261688  3.502587
112.257195  3.501455
112.252701  3.500329
112.248204  3.499210
112.243706  3.498099
112.239206  3.496994
112.234705  3.495896
112.230201  3.494806
112.225696  3.493722
112.221190  3.492645
112.216681  3.491575
112.212171  3.490512
112.207660  3.489456
112.203147  3.488407
112.198632  3.487365
112.194115  3.486331
112.189597  3.485303
112.185078  3.484282
112.180556  3.483268
112.176034  3.482261
112.171509  3.481261
112.166984  3.480268
112.162456  3.479282
112.157927  3.478303
112.153397  3.477331
112.148865  3.476366
112.144331  3.475409
112.139797  3.474458
112.135260  3.473514
112.130722  3.472577
112.126183  3.471647
112.121642  3.470725
112.117100  3.469809
112.112557  3.468900
112.108012  3.467999
112.103466  3.467104
112.098918  3.466216
112.094369  3.465336
112.089818  3.464462
112.085267  3.463596
112.080714  3.462737
112.076159  3.461884
112.071603  3.461039
112.067046  3.460201
112.062488  3.459370
112.057928  3.458545
112.053368  3.457728
112.048805  3.456918
112.044242  3.456115
112.039677  3.455320
112.035111  3.454531
112.030544  3.453749
112.025976  3.452974
112.021407  3.452207
112.016836  3.451446
112.012264  3.450693
112.007691  3.449946
112.003117  3.449207
111.998542  3.448475
111.993965  3.447750
111.989388  3.447032
111.984809  3.446321
111.980229  3.445617
111.975649  3.444920
111.971067  3.444231
111.966484  3.443548
111.961900  3.442873
111.957315  3.442204
111.952729  3.441543
111.948142  3.440889
111.943554  3.440242
111.938964  3.439602
111.934374  3.438969
111.929783  3.438343
111.925191  3.437724
111.920598  3.437113
111.916004  3.436509
111.911410  3.435911
111.906814  3.435321
111.902217  3.434738
111.897620  3.434162
111.893021  3.433593
111.888422  3.433031
111.883822  3.432477
>
108.255877  6.187451
108.255026  6.192509
108.254181  6.197568
108.253343  6.202628
108.252512  6.207690
108.251689  6.212752
108.250872  6.217816
108.250063  6.222881
108.249260  6.227947
108.248465  6.233014
108.247677  6.238082
108.246895  6.243151
108.246121  6.248222
108.245354  6.253293
108.244594  6.258366
108.243841  6.263439
108.243094  6.268514
108.242356  6.273589
108.241624  6.278666
108.240899  6.283744
108.240181  6.288822
108.239470  6.293902
108.238767  6.298983
108.238070  6.304064
108.237381  6.309147
108.236698  6.314230
108.236023  6.319315
108.235354  6.324400
108.234693  6.329487
108.234039  6.334574
108.233392  6.339662
108.232752  6.344751
108.232119  6.349841
108.231493  6.354932
108.230875  6.360024
108.230263  6.365116
108.229658  6.370209
108.229061  6.375304
108.228471  6.380399
108.227887  6.385495
108.227311  6.390591
108.226742  6.395689
108.226180  6.400787
108.225625  6.405886
108.225077  6.410986
108.224536  6.416086
108.224003  6.421188
108.223476  6.426290
108.222957  6.431392
108.222444  6.436496
108.221939  6.441600
108.221441  6.446705
108.220950  6.451811
108.220466  6.456917
108.219989  6.462024
108.219520  6.467131
108.219057  6.472240
108.218601  6.477348
108.218153  6.482458
108.217712  6.487568
108.217278  6.492679
108.216851  6.497790
108.216431  6.502902
108.216018  6.508015
108.215612  6.513128
108.215213  6.518241
108.214822  6.523355
108.214437  6.528470
108.214060  6.533585
108.213690  6.538701
108.213327  6.543817
108.212971  6.548934
108.212622  6.554051
108.212281  6.559169
108.211946  6.564287
108.211619  6.569406
108.211298  6.574525
108.210985  6.579645
108.210679  6.584765
108.210380  6.589885
108.210088  6.595006
108.209804  6.600127
108.209526  6.605249
108.209256  6.610371
108.208992  6.615493
108.208736  6.620616
108.208487  6.625739
108.208245  6.630863
108.208010  6.635986
108.207783  6.641110
108.207562  6.646235
108.207349  6.651359
108.207142  6.656484
108.206943  6.661610
108.206751  6.666735
108.206566  6.671861
108.206388  6.676987
108.206218  6.682113
108.206054  6.687240
108.205898  6.692367
108.205749  6.697494
108.205607  6.702621
108.205472  6.707748
108.205344  6.712876
108.205223  6.718003
108.205109  6.723131
108.205003  6.728259
108.204904  6.733388
108.204812  6.738516
108.204727  6.743644
108.204649  6.748773
108.204578  6.753901
108.204514  6.759030
108.204458  6.764159
108.204408  6.769288
108.204366  6.774417
108.204331  6.779546
108.204303  6.784675
108.204282  6.789804
108.204269  6.794933
108.204262  6.800062
108.204263  6.805191
108.204270  6.810321
108.204285  6.815450
108.204307  6.820579
108.204336  6.825708
108.204373  6.830837
108.204416  6.835966
108.204467  6.841095
108.204524  6.846224
108.204589  6.851352
108.204661  6.856481
108.204740  6.861609
108.204826  6.866738
108.204920  6.871866
108.205020  6.876994
108.205128  6.882122
108.205243  6.887250
108.205365  6.892378
108.205494  6.897505
108.205630  6.902633
108.205773  6.907760
108.205924  6.912887
108.206081  6.918013
108.206246  6.923140
108.206418  6.928266
108.206597  6.933392
108.206783  6.938518
108.206976  6.943643
108.207176  6.948769
108.207384  6.953894
108.207598  6.959018
108.207820  6.964143
108.208049  6.969267
108.208285  6.974390
108.208528  6.979514
108.208778  6.984637
108.209036  6.989759
108.209300  6.994882
108.209572  7.000004
108.209851  7.005125
108.210137  7.010246
108.210430  7.015367
108.210730  7.020487
108.211037  7.025607
108.211351  7.030727
108.211673  7.035846
108.212002  7.040965
108.212337  7.046083
108.212680  7.051200
108.213030  7.056318
108.213387  7.061434
108.213752  7.066550
108.214123  7.071666
108.214501  7.076781
108.214887  7.081896
108.215280  7.087010
108.215679  7.092124
108.216086  7.097236
108.216500  7.102349
108.216922  7.107461
108.217350  7.112572
108.217785  7.117683
108.218228  7.122793
108.218677  7.127902
108.219134  7.133011
108.219598  7.138119
108.220069  7.143226
108.220547  7.148333
108.221032  7.153439
108.221524  7.158545
108.222023  7.163650
108.222530  7.168754
108.223043  7.173857
108.223564  7.178960
108.224092  7.184062
108.224627  7.189163
108.225168  7.194263
>
110.121581 11.284016
110.123295 11.287139
110.125003 11.290264
110.126705 11.293393
110.128400 11.296526
110.130089 11.299662
110.131771 11.302801
110.133447 11.305944
110.135117 11.309090
110.136781 11.312240
110.138438 11.315393
110.140089 11.318549
110.141733 11.321708
110.143371 11.324871
110.145003 11.328037
110.146629 11.331207
110.148248 11.334379
110.149860 11.337555
110.151466 11.340734
110.153066 11.343917
110.154659 11.347102
110.156246 11.350291
110.157827 11.353483
110.159401 11.356678
110.160968 11.359876
110.162530 11.363078
110.164084 11.366282
110.165633 11.369490
110.167174 11.372701
110.168710 11.375915
110.170239 11.379132
110.171761 11.382352
110.173277 11.385575
110.174786 11.388801
110.176289 11.392031
110.177785 11.395263
110.179275 11.398498
110.180759 11.401736
110.182235 11.404978
110.183706 11.408222
110.185169 11.411469
110.186627 11.414719
110.188077 11.417972
110.189521 11.421228
110.190959 11.424487
110.192390 11.427749
110.193814 11.431013
110.195232 11.434281
110.196643 11.437551
110.198048 11.440824
110.199446 11.444100
110.200837 11.447379
110.202222 11.450661
110.203600 11.453945
110.204972 11.457232
110.206337 11.460522
110.207695 11.463815
110.209047 11.467110
110.210392 11.470409
110.211730 11.473709
110.213062 11.477013
110.214387 11.480319
110.215706 11.483628
110.217017 11.486939
110.218322 11.490253
110.219621 11.493570
110.220913 11.496890
110.222198 11.500211
110.223476 11.503536
110.224748 11.506863
110.226013 11.510193
110.227271 11.513525
110.228522 11.516860
110.229767 11.520197
110.231005 11.523537
110.232237 11.526879
110.233461 11.530224
110.234679 11.533571
110.235890 11.536920
110.237094 11.540272
110.238292 11.543627
110.239483 11.546984
110.240667 11.550343
110.241844 11.553705
110.243015 11.557069
110.244179 11.560435
110.245336 11.563804
110.246486 11.567175
110.247629 11.570548
110.248766 11.573924
110.249896 11.577301
110.251019 11.580682
110.252135 11.584064
110.253244 11.587449
110.254347 11.590836
110.255442 11.594225
110.256531 11.597616
110.257613 11.601010
110.258688 11.604405
110.259757 11.607803
110.260818 11.611203
110.261873 11.614605
110.262921 11.618009
110.263962 11.621416
110.264996 11.624824
110.266023 11.628235
110.267043 11.631647
110.268057 11.635062
110.269064 11.638478
110.270063 11.641897
110.271056 11.645318
110.272042 11.648740
110.273021 11.652165
110.273993 11.655592
110.274958 11.659020
110.275917 11.662451
110.276868 11.665883
110.277813 11.669317
110.278750 11.672754
110.279681 11.676192
110.280604 11.679632
110.281521 11.683074
110.282431 11.686517
110.283334 11.689963
110.284230 11.693410
110.285119 11.696859
110.286001 11.700310
110.286876 11.703763
110.287744 11.707217
110.288605 11.710673
110.289460 11.714131
110.290307 11.717591
110.291147 11.721052
110.291981 11.724515
110.292807 11.727980
110.293626 11.731446
110.294439 11.734914
110.295244 11.738384
110.296042 11.741855
110.296834 11.745328
110.297618 11.748802
110.298396 11.752278
110.299166 11.755755
110.299929 11.759234
110.300686 11.762715
110.301435 11.766197
110.302177 11.769681
110.302913 11.773166
110.303641 11.776652
110.304362 11.780141
110.305077 11.783630
110.305784 11.787121
110.306484 11.790613
110.307177 11.794107
110.307863 11.797602
110.308542 11.801099
110.309214 11.804596
110.309879 11.808096
110.310537 11.811596
110.311188 11.815098
110.311832 11.818601
110.312469 11.822106
110.313098 11.825611
110.313721 11.829118
110.314337 11.832627
110.314945 11.836136
110.315546 11.839647
110.316141 11.843159
110.316728 11.846672
110.317308 11.850186
110.317881 11.853701
110.318447 11.857218
110.319006 11.860736
110.319558 11.864255
110.320103 11.867775
110.320641 11.871296
110.321171 11.874818
110.321695 11.878341
110.322211 11.881865
110.322720 11.885390
110.323223 11.888916
110.323718 11.892444
110.324206 11.895972
110.324687 11.899501
110.325160 11.903031
110.325627 11.906563
110.326087 11.910095
110.326539 11.913628
110.326984 11.917161
110.327422 11.920696
110.327853 11.924232
110.328277 11.927768
110.328694 11.931306
110.329104 11.934844
110.329506 11.938383
110.329902 11.941923
110.330290 11.945463
110.330671 11.949005
110.331045 11.952547
110.331412 11.956090
110.331772 11.959633
110.332125 11.963178
110.332470 11.966723
110.332808 11.970269
110.333139 11.973815
110.333463 11.977362
110.333780 11.980910
110.334090 11.984458
110.334393 11.988007
110.334688 11.991557
110.334976 11.995107
110.335258 11.998657
110.335532 12.002209
110.335798 12.005761
110.336058 12.009313
110.336311 12.012866
110.336556 12.016419
110.336794 12.019973
110.337025 12.023527
110.337249 12.027082
110.337466 12.030637
110.337675 12.034193
110.337878 12.037749
110.338073 12.041306
110.338261 12.044862
110.338442 12.048420
110.338616 12.051977
110.338782 12.055535
110.338942 12.059093
110.339094 12.062652
110.339239 12.066211
110.339377 12.069770
110.339507 12.073330
110.339631 12.076889
110.339747 12.080449
110.339857 12.084009
110.339959 12.087570
110.340053 12.091130
110.340141 12.094691
110.340222 12.098252
110.340295 12.101813
110.340361 12.105374
110.340420 12.108936
110.340472 12.112497
110.340517 12.116059
110.340554 12.119620
110.340584 12.123182
110.340607 12.126744
110.340623 12.130305
110.340632 12.133867
110.340634 12.137429
110.340628 12.140991
110.340615 12.144553
110.340595 12.148115
110.340568 12.151676
110.340534 12.155238
110.340493 12.158800
110.340444 12.162361
110.340388 12.165922
110.340325 12.169484
110.340255 12.173045
110.340178 12.176606
110.340093 12.180167
110.340001 12.183727
110.339903 12.187288
110.339796 12.190848
110.339683 12.194408
110.339563 12.197968
110.339435 12.201527
110.339301 12.205087
110.339159 12.208646
110.339010 12.212204
110.338853 12.215763
110.338690 12.219321
110.338520 12.222879
110.338342 12.226436
110.338157 12.229993
110.337965 12.233550
110.337766 12.237106
110.337559 12.240662
110.337346 12.244217
110.337125 12.247772
110.336897 12.251327
110.336662 12.254881
110.336420 12.258434
110.336171 12.261988
110.335914 12.265540
>
109.847782 15.165115
109.846930 15.168948
109.846071 15.172780
109.845205 15.176610
109.844332 15.180439
109.843452 15.184266
109.842565 15.188091
109.841671 15.191915
109.840770 15.195737
109.839862 15.199558
109.838947 15.203377
109.838025 15.207194
109.837096 15.211010
109.836160 15.214823
109.835217 15.218636
109.834267 15.222446
109.833310 15.226254
109.832346 15.230061
109.831376 15.233866
109.830398 15.237670
109.829413 15.241471
109.828422 15.245271
109.827423 15.249069
109.826417 15.252865
109.825405 15.256659
109.824386 15.260451
109.823359 15.264242
109.822326 15.268031
109.821286 15.271817
109.820239 15.275602
109.819184 15.279385
109.818124 15.283166
109.817056 15.286945
109.815981 15.290722
109.814899 15.294497
109.813811 15.298270
109.812715 15.302041
109.811613 15.305810
109.810503 15.309577
109.809387 15.313342
109.808264 15.317105
109.807134 15.320866
109.805997 15.324625
109.804854 15.328382
109.803703 15.332136
109.802546 15.335889
109.801381 15.339639
109.800210 15.343388
109.799032 15.347134
109.797848 15.350878
109.796656 15.354619
109.795457 15.358359
109.794252 15.362097
109.793040 15.365832
109.791821 15.369565
109.790595 15.373295
109.789362 15.377024
109.788123 15.380750
109.786877 15.384474
109.785623 15.388196
109.784364 15.391915
109.783097 15.395632
109.781823 15.399347
109.780543 15.403059
109.779256 15.406769
109.777962 15.410477
109.776661 15.414183
109.775354 15.417885
109.774040 15.421586
109.772719 15.425284
109.771391 15.428980
109.770057 15.432673
109.768716 15.436364
109.767368 15.440052
109.766013 15.443738
109.764651 15.447422
109.763283 15.451103
109.761908 15.454781
109.760527 15.458457
109.759138 15.462130
109.757743 15.465801
109.756342 15.469469
109.754933 15.473135
109.753518 15.476798
109.752096 15.480459
109.750667 15.484117
109.749232 15.487772
109.747790 15.491425
109.746342 15.495075
109.744886 15.498722
109.743424 15.502367
109.741956 15.506009
109.740480 15.509648
109.738999 15.513285
109.737510 15.516919
109.736015 15.520550
109.734513 15.524178
109.733004 15.527804
109.731489 15.531427
109.729968 15.535047
109.728439 15.538664
109.726904 15.542279
109.725363 15.545891
109.723814 15.549500
109.722260 15.553106
109.720698 15.556709
109.719130 15.560309
109.717556 15.563907
109.715975 15.567501
109.714387 15.571093
109.712793 15.574682
109.711192 15.578268
109.709584 15.581851
109.707971 15.585431
109.706350 15.589008
109.704723 15.592582
109.703090 15.596153
109.701449 15.599721
109.699803 15.603286
109.698150 15.606848
109.696490 15.610407
109.694824 15.613963
109.693151 15.617516
109.691472 15.621066
109.689787 15.624613
109.688095 15.628157
109.686396 15.631697
109.684691 15.635235
109.682980 15.638769
109.681262 15.642300
109.679537 15.645828
109.677806 15.649353
109.676069 15.652875
109.674325 15.656394
109.672575 15.659909
109.670818 15.663421
109.669055 15.666930
109.667286 15.670436
109.665510 15.673939
109.663728 15.677438
109.661939 15.680934
109.660144 15.684426
109.658343 15.687916
109.656535 15.691402
109.654721 15.694885
109.652900 15.698364
109.651073 15.701840
109.649240 15.705313
109.647400 15.708783
109.645554 15.712249
109.643702 15.715711
109.641844 15.719171
109.639979 15.722627
109.638107 15.726079
109.636230 15.729528
109.634346 15.732974
109.632456 15.736416
109.630559 15.739855
109.628657 15.743290
109.626748 15.746722
109.624832 15.750150
109.622911 15.753575
109.620983 15.756996
109.619049 15.760413
109.617109 15.763828
109.615162 15.767238
109.613209 15.770645
109.611250 15.774049
109.609285 15.777448
109.607313 15.780845
109.605336 15.784237
109.603352 15.787626
109.601362 15.791012
109.599366 15.794393
109.597363 15.797772
109.595355 15.801146
109.593340 15.804517
109.591319 15.807884
109.589292 15.811247
109.587259 15.814607
109.585219 15.817963
109.583174 15.821315
109.581122 15.824663
109.579064 15.828008
109.577000 15.831349
109.574931 15.834686
109.572854 15.838019
109.570772 15.841349
109.568684 15.844674
109.566590 15.847996
109.564489 15.851314
109.562383 15.854629
109.560270 15.857939
109.558152 15.861245
109.556027 15.864548
109.553897 15.867847
109.551760 15.871142
109.549617 15.874432
109.547468 15.877719
109.545314 15.881002
109.543153 15.884282
109.540986 15.887557
109.538814 15.890828
109.536635 15.894095
109.534450 15.897358
109.532260 15.900617
109.530063 15.903873
109.527861 15.907124
109.525652 15.910371
109.523438 15.913614
109.521217 15.916853
109.518991 15.920088
109.516759 15.923319
109.514521 15.926546
109.512277 15.929768
109.510027 15.932987
109.507771 15.936201
109.505510 15.939412
109.503242 15.942618
109.500969 15.945820
109.498690 15.949018
109.496405 15.952212
109.494114 15.955401
109.491817 15.958587
109.489515 15.961768
109.487206 15.964945
109.484892 15.968117
109.482572 15.971286
109.480247 15.974450
109.477915 15.977610
109.475578 15.980766
109.473235 15.983917
109.470886 15.987064
109.468531 15.990207
109.466171 15.993345
109.463805 15.996479
109.461433 15.999609
109.459056 16.002735
109.456673 16.005856
109.454284 16.008973
109.451889 16.012085
109.449489 16.015193
109.447083 16.018297
109.444671 16.021396
109.442254 16.024491
109.439831 16.027581
109.437402 16.030667
109.434968 16.033749
109.432528 16.036826
109.430083 16.039898
109.427632 16.042966
109.425175 16.046030
109.422713 16.049089
109.420245 16.052144
109.417771 16.055194
109.415292 16.058239
109.412807 16.061280
109.410317 16.064317
109.407822 16.067349
