142.23 38.03 32 1.56 -0.04 -1.51 1.17 1.88 -0.62 25 0 0
136.80 30.62 476 -0.32 0.80 -0.48 1.01 -0.36 0.40 24 0 0
130.49 42.59 505 0.87 5.02 -5.90 2.77 -3.29 -1.86 23 0 0
142.39 41.27 60 8.48 0.30 -8.78 3.04 5.76 -2.30 24 0 0
140.96 32.69 53 1.00 1.06 -2.06 -0.75 -0.23 -0.04 25 0 0
142.31 42.27 73 -0.62 0.58 0.04 -0.08 -0.88 2.72 24 0 0
131.55 41.48 579 1.14 -0.10 -1.04 -0.51 -2.21 -0.99 26 0 0
148.66 43.71 53 3.68 0.01 -3.69 0.53 0.47 -0.79 24 0 0
139.27 31.66 21 2.01 -1.74 -0.27 0.45 -0.15 0.06 24 0 0
137.70 30.34 495 -4.11 2.57 1.54 -2.30 -0.39 2.85 24 0 0
141.75 38.40 82 1.36 3.38 -4.74 2.32 -2.04 -2.73 24 0 0
140.99 35.42 15 0.51 -1.14 0.63 2.33 0.75 0.15 24 0 0
131.86 42.59 568 0.85 5.79 -6.64 -0.32 -3.96 -3.06 23 0 0
139.41 35.85 32 -0.35 0.43 -0.08 -0.44 1.17 -0.29 24 0 0
140.40 33.64 104 1.48 -1.37 -0.11 0.65 -2.58 -2.73 24 0 0
141.41 36.33 50 1.91 -0.27 -1.64 0.56 1.12 -0.83 24 0 0
143.66 39.00 15 0.79 0.07 -0.86 0.87 1.12 -0.25 25 0 0
138.74 30.07 412 -0.80 0.29 0.50 1.22 -0.71 -0.37 24 0 0
139.07 34.74 11 0.73 -1.79 1.06 7.82 7.59 -6.76 25 0 0
138.64 34.85 15 0.99 -6.51 5.52 0.75 0.99 -2.81 24 0 0
141.96 38.45 48 2.99 0.84 -3.83 -1.43 -5.74 -1.90 25 0 0
142.15 34.39 15 0.78 -0.23 -0.55 0.67 1.71 -0.39 24 0 0
134.12 38.34 430 4.32 4.40 -8.72 -3.87 -8.35 6.17 23 0 0
137.44 31.90 434 2.01 1.16 -3.17 2.06 -4.13 0.75 26 0 0
140.01 35.64 43 1.16 -0.85 -0.31 0.71 0.61 -0.71 24 0 0
148.98 44.20 31 1.38 -0.62 -0.76 1.17 1.39 -0.66 27 0 0
149.00 43.87 34 1.22 -0.43 -0.79 0.13 0.19 -0.50 24 0 0
148.97 43.68 21 3.88 -1.31 -2.57 2.14 2.59 -2.27 24 0 0
144.19 39.59 30 0.19 1.71 -1.90 0.57 0.22 1.79 24 0 0
140.71 35.28 30 0.06 -0.31 0.25 1.04 0.33 0.12 25 0 0
141.99 37.14 34 9.25 -1.46 -7.79 3.76 7.30 -3.05 23 0 0
141.90 35.94 40 8.86 -0.83 -8.04 1.92 5.14 -3.90 23 0 0
141.04 40.65 15 2.14 -1.08 -1.06 -0.60 0.56 -0.32 24 0 0
141.31 40.94 15 1.95 -0.32 -1.63 0.71 -0.76 -0.92 24 0 0
122.56 40.79 15 -0.45 1.57 -1.12 1.01 -0.11 1.19 24 0 0
138.90 43.30 15 4.04 0.07 -4.12 -0.14 0.91 -1.09 24 0 0
130.45 31.00 176 8.22 -2.86 -5.36 3.14 8.49 -4.37 25 0 0
144.62 42.57 88 0.94 0.22 -1.16 8.88 2.30 -7.22 23 0 0
132.61 34.71 15 -0.26 2.03 -1.78 -0.18 -0.96 -2.94 24 0 0
142.07 38.02 38 1.33 -0.07 -1.26 1.87 2.43 -0.50 27 0 0
142.61 38.30 26 2.45 0.06 -2.51 2.15 2.80 -0.62 25 0 0
135.43 43.37 382 0.83 0.80 -1.63 -1.33 -3.73 -3.28 24 0 0
142.10 37.62 51 2.89 -0.31 -2.57 0.91 1.78 -1.15 24 0 0
143.64 38.14 15 2.47 0.19 -2.66 3.31 3.55 -0.57 24 0 0
142.17 37.96 45 6.93 -0.16 -6.77 2.11 4.84 -1.15 24 0 0
143.13 37.18 15 2.56 -0.36 -2.20 2.73 3.56 -0.89 24 0 0
131.36 32.33 121 2.34 -4.34 2.01 -1.09 4.24 -2.63 24 0 0
141.70 33.27 24 5.11 1.20 -6.31 0.15 0.80 -0.25 23 0 0
142.96 41.63 48 2.00 -0.34 -1.66 0.77 1.67 -1.01 24 0 0
137.34 30.39 498 -1.17 1.53 -0.36 1.40 -0.81 1.55 24 0 0
137.35 35.95 258 -0.24 0.01 0.23 -0.93 1.33 -0.35 24 0 0
140.97 33.12 40 3.20 0.68 -3.88 -1.89 0.20 0.42 24 0 0
143.70 41.05 15 -1.41 1.10 0.30 0.74 -0.17 -0.55 24 0 0
135.41 41.31 381 1.44 -0.49 -0.95 -0.28 -1.09 -0.49 24 0 0
143.87 42.68 82 2.46 1.60 -4.06 2.47 -3.25 1.49 23 0 0
143.40 42.06 46 1.04 -0.39 -0.65 0.42 1.06 -0.51 24 0 0
146.30 47.78 15 1.78 -1.51 -0.28 0.01 -0.03 0.58 24 0 0
145.82 44.74 181 -0.14 4.53 -4.39 0.54 -3.80 -2.74 27 0 0
141.69 32.09 15 5.30 0.88 -6.18 -0.28 3.69 -0.26 24 0 0
143.46 41.19 15 -0.40 0.37 0.03 -0.73 0.30 1.01 24 0 0
130.95 42.92 575 1.82 0.28 -2.10 0.88 -4.60 -4.98 24 0 0
144.12 39.77 15 1.74 -0.21 -1.53 1.58 2.61 -0.44 25 0 0
144.21 40.05 15 0.75 -0.11 -0.65 0.60 1.07 -0.21 24 0 0
141.68 37.01 42 1.26 0.06 -1.32 -0.05 0.64 -0.47 24 0 0
142.02 41.36 62 1.12 -0.13 -0.99 0.48 0.88 -0.36 24 0 0
147.05 44.43 108 1.23 1.22 -2.44 0.56 -1.41 0.90 24 0 0
139.82 36.12 67 0.86 -1.79 0.94 0.81 3.77 3.79 23 0 0
143.24 38.74 30 8.44 0.46 -8.90 4.56 5.59 -1.40 23 0 0
136.82 37.33 279 0.68 1.90 -2.57 -0.72 -4.34 -2.93 23 0 0
148.15 46.48 271 2.32 0.82 -3.14 3.47 -1.41 3.31 23 0 0
139.63 43.63 242 7.09 -7.06 -0.03 -5.16 -4.24 -1.04 23 0 0
146.53 43.64 80 4.60 -0.22 -4.38 -4.74 -1.86 -1.12 24 0 0
146.17 43.89 56 0.72 2.12 -2.85 -6.18 -5.26 -0.30 23 0 0
141.83 36.35 33 6.18 0.36 -6.54 1.00 6.08 -1.76 24 0 0
131.58 33.54 69 -0.21 -0.65 0.85 0.17 1.29 -0.96 25 0 0
140.45 34.21 44 -4.98 -0.56 5.53 0.02 -1.88 -0.13 24 0 0
142.68 38.40 15 1.62 0.03 -1.65 1.47 3.52 -0.40 24 0 0
131.74 41.97 604 6.19 -1.14 -5.05 -0.72 -9.03 -4.24 25 0 0
131.29 30.51 15 1.84 0.01 -1.85 2.70 2.35 -0.37 24 0 0
142.10 41.15 56 1.63 -0.13 -1.50 0.52 1.29 -0.46 24 0 0
142.07 30.69 15 6.10 0.13 -6.23 -3.07 4.68 -1.46 23 0 0
140.60 34.85 48 0.64 -0.16 -0.48 -0.14 2.12 0.72 24 0 0
144.73 42.57 73 -6.80 6.32 0.48 7.53 -2.57 -1.53 23 0 0
141.54 33.17 16 2.30 0.35 -2.65 -0.09 1.59 -0.01 24 0 0
131.33 42.93 543 3.17 -2.45 -0.71 -2.20 -8.07 -1.30 23 0 0
143.82 40.27 15 -8.63 3.19 5.44 -0.33 2.14 -1.47 23 0 0
143.65 41.52 15 0.57 -0.09 -0.49 0.56 1.68 -0.24 25 0 0
141.81 32.72 15 1.01 0.07 -1.09 0.00 1.04 0.00 24 0 0
133.52 37.64 432 0.95 0.11 -1.06 -0.20 -2.32 0.90 25 0 0
146.72 43.96 68 0.50 0.32 -0.81 -0.01 -1.31 -0.30 24 0 0
145.72 43.42 124 -0.82 0.95 -0.13 1.31 0.31 0.16 24 0 0
132.07 31.27 15 -0.93 -0.12 1.05 1.10 1.17 -0.01 24 0 0
146.91 43.21 34 2.80 -0.80 -2.01 2.67 3.99 -1.38 26 0 0
147.08 43.10 21 1.00 -0.39 -0.61 0.43 0.88 -0.69 25 0 0
146.97 43.12 32 3.39 -1.35 -2.04 1.01 2.90 -2.23 24 0 0
147.40 43.09 16 6.65 -2.12 -4.52 4.61 6.88 -4.10 23 0 0
140.29 34.87 80 -0.08 0.20 -0.12 -0.56 1.15 0.24 24 0 0
142.50 39.93 48 1.18 0.05 -1.23 0.44 0.80 -0.28 24 0 0
135.59 35.33 367 -0.96 1.66 -0.70 -1.28 0.13 1.07 25 0 0
137.37 32.10 388 -0.58 0.97 -0.39 0.96 -4.51 -1.74 25 0 0
140.45 34.23 34 5.05 0.24 -5.29 1.19 3.84 0.10 24 0 0
139.92 40.68 172 1.39 -1.40 0.01 -0.39 -1.60 -1.04 24 0 0
141.05 35.27 15 1.05 -5.20 4.15 9.18 1.62 -2.06 23 0 0
138.93 34.45 15 1.35 0.84 -2.19 0.27 -0.03 -4.45 25 0 0
142.06 37.20 34 4.71 -1.45 -3.26 1.93 3.70 -1.18 23 0 0
138.60 34.04 15 -0.55 -1.87 2.43 0.16 -0.28 -0.57 24 0 0
139.91 35.83 75 -1.08 0.27 0.81 0.30 -0.56 -0.28 24 0 0
140.35 35.23 46 1.19 0.11 -1.31 0.09 0.44 0.06 25 0 0
140.54 32.93 81 -1.00 -0.32 1.31 -0.32 -1.91 -0.73 24 0 0
141.12 40.35 92 -0.48 -1.60 2.07 -0.47 -5.63 -2.19 24 0 0
141.27 40.14 109 1.12 4.54 -5.66 2.06 -7.05 0.14 23 0 0
131.17 32.06 41 -2.39 -1.47 3.86 0.53 3.20 -1.50 24 0 0
141.03 30.49 90 1.32 -0.40 -0.92 -0.48 -2.44 -0.70 25 0 0
138.11 32.81 304 -0.25 0.31 -0.05 0.19 -1.51 -1.48 24 0 0
143.82 38.17 13 3.53 0.53 -4.06 2.88 2.96 -1.81 24 0 0
144.02 38.12 10 4.47 0.56 -5.03 4.06 3.55 -1.99 24 0 0
143.29 37.84 20 2.48 0.10 -2.58 2.59 2.02 -1.12 25 0 0
143.04 38.15 20 1.81 -0.26 -1.55 1.56 2.87 -0.36 26 0 0
143.71 38.20 11 5.70 0.83 -6.53 4.37 3.59 -2.76 24 0 0
142.96 38.08 20 1.80 -0.06 -1.74 2.97 3.27 -0.32 25 0 0
142.07 42.20 121 -0.50 0.59 -0.09 1.44 0.79 0.28 26 0 0
143.31 37.72 20 7.09 -0.38 -6.71 4.99 6.33 -2.97 24 0 0
143.77 38.87 15 1.10 0.07 -1.17 0.57 1.66 -0.44 24 0 0
137.85 32.05 357 0.71 0.14 -0.85 -0.37 -1.36 0.05 24 0 0
142.00 31.44 15 6.86 1.17 -8.04 -1.82 5.19 -0.82 23 0 0
142.75 36.96 20 1.28 -0.14 -1.14 1.01 1.08 -0.43 24 0 0
130.32 35.94 33 0.63 6.44 -7.07 -3.60 0.47 0.38 23 0 0
138.37 42.85 248 -2.49 3.40 -0.91 3.09 0.83 -3.64 25 0 0
144.79 41.75 20 5.06 -4.88 -0.19 3.17 9.35 -2.60 23 0 0
142.00 36.92 15 9.24 -1.07 -8.18 6.81 9.96 -2.65 23 0 0
137.54 30.71 483 -0.87 1.54 -0.66 0.74 -0.19 0.55 24 0 0
137.77 44.72 281 0.01 2.59 -2.60 1.38 0.73 -0.98 24 0 0
148.79 44.64 56 8.20 -2.00 -6.20 5.19 3.16 -1.31 23 0 0
142.43 41.21 52 1.68 -0.12 -1.55 0.52 1.14 -0.52 24 0 0
139.97 41.68 178 -2.12 1.60 0.52 0.60 0.48 0.38 24 0 0
141.50 35.45 31 3.12 -0.13 -2.99 0.89 2.15 -1.50 24 0 0
147.87 42.97 36 5.85 0.20 -6.05 2.91 -1.36 -3.33 25 0 0
141.08 35.56 17 0.30 -0.53 0.23 2.53 0.93 0.33 24 0 0
141.44 30.34 20 -4.82 -0.41 5.23 -0.33 -1.65 -0.53 24 0 0
146.93 43.26 32 4.40 -0.67 -3.73 1.23 2.58 -1.65 24 0 0
143.31 42.70 105 0.13 0.93 -1.06 -0.18 -0.11 0.45 24 0 0
143.56 38.73 20 1.61 0.72 -2.33 4.11 1.97 -0.12 24 0 0
143.06 40.27 15 0.84 0.16 -1.00 1.10 2.72 -0.04 24 0 0
142.40 40.04 44 1.93 -0.67 -1.26 2.34 3.10 -0.49 24 0 0
146.16 42.67 24 -4.43 9.04 -4.61 6.15 3.64 -0.49 24 0 0
131.12 42.88 546 0.15 0.50 -0.65 0.62 -1.74 -0.63 25 0 0
142.15 40.75 83 -0.91 3.45 -2.53 -0.34 1.14 0.48 25 0 0
143.38 38.58 43 5.38 0.21 -5.59 1.15 5.03 -2.20 23 0 0
146.90 43.57 24 2.26 -3.25 1.00 4.20 9.04 -0.02 23 0 0
141.30 31.20 21 5.91 1.62 -7.53 3.23 4.94 1.05 23 0 0
134.28 36.83 342 0.16 2.47 -2.62 -0.09 -0.48 -0.35 24 0 0
125.38 38.66 15 -3.53 4.57 -1.04 -0.46 0.12 2.14 23 0 0
141.04 33.95 30 1.34 2.72 -4.06 -5.23 1.52 -0.59 25 0 0
140.99 33.57 25 0.19 0.86 -1.05 -1.76 3.74 -0.02 24 0 0
131.28 31.85 34 2.12 -1.40 -0.73 8.03 5.95 -1.49 23 0 0
141.54 36.05 42 1.34 -0.28 -1.06 0.76 1.01 -0.41 24 0 0
141.85 42.14 37 2.28 -1.40 -0.87 1.23 -0.82 0.93 26 0 0
142.55 41.72 17 1.45 -1.33 -0.12 -1.10 -0.96 0.78 24 0 0
142.07 41.96 15 0.32 0.13 -0.46 -0.88 -1.23 -0.07 24 0 0
142.91 41.76 15 7.17 -4.92 -2.25 6.79 -4.40 5.92 23 0 0
141.13 34.80 26 0.10 0.80 -0.89 -1.27 0.77 0.12 25 0 0
142.30 42.00 29 5.92 -5.83 -0.09 5.81 -0.30 1.68 23 0 0
142.49 33.31 29 -3.86 -1.71 5.57 -1.17 0.53 0.55 23 0 0
143.20 42.46 118 0.44 -0.29 -0.15 2.60 0.70 -0.07 24 0 0
142.48 38.52 40 1.13 0.09 -1.22 0.93 0.90 -0.43 25 0 0
148.26 44.42 56 -1.37 3.97 -2.60 4.11 3.69 -1.51 23 0 0
141.78 31.05 20 5.30 0.27 -5.57 2.44 2.65 0.71 23 0 0
138.10 30.47 448 0.19 0.01 -0.19 0.65 -1.22 0.24 24 0 0
130.47 30.77 119 0.14 -0.49 0.35 1.49 1.76 -0.06 24 0 0
142.57 45.62 329 0.74 0.53 -1.26 0.83 -0.77 -0.88 24 0 0
141.93 36.02 17 6.88 -0.19 -6.69 4.01 8.03 -1.80 23 0 0
141.91 35.98 27 1.79 -0.32 -1.48 1.60 3.10 -0.69 26 0 0
141.90 35.76 22 0.51 -0.29 -0.22 0.84 1.12 -0.18 25 0 0
142.47 35.75 10 2.49 -0.28 -2.22 1.57 2.38 -1.13 24 0 0
141.00 36.02 15 0.23 0.38 -0.61 1.57 3.14 0.33 24 0 0
139.03 34.25 113 0.88 -0.46 -0.41 -0.34 -1.87 -3.69 24 0 0
142.20 35.87 10 8.48 0.35 -8.83 2.14 6.91 -2.13 23 0 0
141.39 36.22 36 1.32 0.03 -1.35 0.43 0.65 -0.51 24 0 0
141.35 37.55 89 -0.32 -0.58 0.90 5.21 3.73 2.82 23 0 0
142.71 35.76 10 1.98 -0.11 -1.87 -0.37 -0.08 -1.15 24 0 0
140.80 31.95 68 0.52 1.81 -2.33 -0.22 -9.49 -6.06 23 0 0
148.92 43.71 10 9.67 -3.72 -5.95 9.16 9.20 -5.58 24 0 0
148.75 43.70 10 4.51 -1.58 -2.92 5.76 4.04 -2.87 24 0 0
148.56 43.48 16 1.08 -0.35 -0.73 1.08 0.70 -0.58 24 0 0
143.90 39.95 23 8.56 0.77 -9.33 5.81 8.46 -3.23 23 0 0
147.98 44.09 38 4.31 -2.25 -2.06 7.48 2.80 -3.06 23 0 0
142.40 38.81 10 0.31 -1.07 0.75 -0.24 0.76 0.83 24 0 0
139.02 33.49 16 0.25 -1.26 1.01 0.63 -0.68 -1.96 24 0 0
139.60 33.80 22 -0.22 -1.36 1.57 -0.07 -0.05 -1.49 25 0 0
139.15 33.89 15 -1.23 -3.47 4.70 -0.08 1.05 -3.43 24 0 0
140.39 33.59 40 2.29 0.68 -2.97 -1.04 0.80 0.32 24 0 0
140.09 35.83 73 6.46 0.45 -6.91 0.31 3.89 0.83 24 0 0
148.75 43.79 28 1.05 -0.33 -0.72 0.58 0.79 -0.72 25 0 0
143.58 39.06 12 2.08 0.25 -2.32 2.16 2.76 -0.76 24 0 0
148.02 43.47 37 8.98 -3.19 -5.80 4.82 5.77 -5.93 24 0 0
136.57 35.44 74 -1.01 0.11 0.90 -0.05 0.39 -1.01 24 0 0
139.97 41.80 125 1.46 -0.44 -1.02 -0.40 -1.64 -1.03 24 0 0
142.02 30.76 15 0.95 0.14 -1.09 -0.16 1.04 0.30 24 0 0
147.86 44.03 102 -0.09 0.34 -0.25 1.31 0.45 -0.67 24 0 0
144.32 41.37 32 -1.65 0.34 1.30 -1.47 -2.61 0.52 25 0 0
147.28 43.03 26 4.98 -1.83 -3.15 4.35 4.80 -3.08 23 0 0
142.01 37.77 60 0.31 0.75 -1.07 -0.64 1.27 -0.34 24 0 0
138.87 40.44 13 3.96 -0.85 -3.11 -1.01 -2.50 -0.81 27 0 0
142.98 42.68 93 0.69 -1.40 0.71 0.54 -3.37 0.53 24 0 0
139.66 40.51 30 7.24 -1.85 -5.40 -1.72 -9.54 1.98 23 0 0
139.10 40.16 20 9.34 -0.45 -8.90 1.60 -2.24 -1.26 24 0 0
138.53 39.91 10 7.93 -2.60 -5.34 0.78 -1.59 -2.73 24 0 0
138.76 40.14 21 6.50 2.94 -9.44 -2.81 -2.93 2.73 23 0 0
147.54 45.00 93 0.53 3.48 -4.02 0.34 1.60 0.20 23 0 0
139.14 41.11 17 1.70 0.05 -1.75 0.01 -0.15 -0.76 26 0 0
148.14 43.70 35 3.26 -2.19 -1.06 1.61 3.15 -1.73 24 0 0
141.06 36.91 56 0.49 1.46 -1.95 1.57 2.51 0.33 24 0 0
144.08 41.69 37 1.01 -0.01 -1.00 0.48 0.77 -0.26 24 0 0
139.22 35.22 43 1.69 -2.29 0.60 1.18 1.41 -2.90 24 0 0
131.31 33.42 128 5.85 -1.62 -4.23 -1.92 2.59 -2.46 25 0 0
131.78 41.42 520 -0.19 1.48 -1.30 0.39 -0.90 -0.96 24 0 0
139.54 33.57 37 0.03 -0.69 0.66 0.09 -0.13 -1.11 25 0 0
130.39 44.18 573 1.40 -0.23 -1.17 0.18 -1.09 0.15 25 0 0
145.03 41.70 38 5.16 -1.27 -3.89 3.87 4.34 -4.33 23 0 0
142.34 41.70 69 -1.16 0.95 0.22 0.34 0.18 -0.64 24 0 0
133.13 35.48 16 -0.44 3.22 -2.78 -0.35 0.46 -1.79 24 0 0
142.09 31.11 17 5.14 -0.26 -4.88 0.46 4.69 1.37 24 0 0
141.83 31.41 41 8.74 -2.14 -6.60 1.92 7.31 3.58 23 0 0
142.27 36.89 41 9.43 -0.89 -8.55 3.09 3.75 -5.08 23 0 0
148.56 43.55 27 7.65 -3.56 -4.09 7.88 8.37 -3.87 24 0 0
139.71 32.48 126 -1.78 -2.15 3.94 -5.46 -8.75 -5.88 23 0 0
143.41 41.51 43 6.57 -0.57 -6.01 4.97 5.38 -3.05 24 0 0
131.64 32.29 32 -0.22 -0.14 0.37 1.08 1.23 0.15 24 0 0
141.18 35.40 25 0.98 -0.10 -0.88 0.36 1.42 -0.30 24 0 0
141.34 35.43 33 6.42 1.57 -7.99 2.39 5.07 -2.30 23 0 0
136.81 33.38 384 2.41 1.81 -4.22 1.49 -4.73 -0.03 26 0 0
141.37 36.18 36 1.57 0.04 -1.61 0.31 1.88 -0.78 24 0 0
141.40 36.20 36 2.88 0.03 -2.91 0.96 3.03 -1.59 24 0 0
146.48 43.03 47 5.90 -2.84 -3.06 -1.95 1.14 -6.26 23 0 0
142.83 42.53 106 -0.59 1.23 -0.64 3.55 0.55 -0.82 24 0 0
135.09 38.54 354 0.83 -0.17 -0.67 -1.03 -1.35 -0.21 24 0 0
146.42 43.09 84 5.90 -3.52 -2.39 0.47 0.95 -4.32 23 0 0
148.62 44.17 31 3.43 -1.45 -1.97 2.53 4.79 -1.59 26 0 0
141.94 37.02 53 5.26 -1.56 -3.69 -0.03 2.40 -2.47 23 0 0
131.24 42.73 567 0.73 -2.44 1.71 -1.45 -4.74 -2.84 23 0 0
146.56 47.49 417 5.49 0.39 -5.88 0.38 -1.45 -1.30 25 0 0
138.46 30.81 395 -1.17 1.18 -0.02 0.39 -2.04 -1.32 26 0 0
141.95 38.18 37 4.12 -0.60 -3.52 1.55 1.79 -0.89 23 0 0
147.81 43.76 43 4.69 -2.60 -2.09 2.63 4.63 -3.06 23 0 0
141.62 30.48 30 1.05 0.29 -1.34 -0.07 0.80 -0.00 24 0 0
139.93 31.39 15 4.01 -2.21 -1.80 -0.13 -0.29 -0.64 24 0 0
142.48 42.46 106 2.05 -2.52 0.47 5.87 0.30 -6.22 23 0 0
131.47 30.07 24 -1.47 -0.20 1.66 0.25 0.46 -0.03 24 0 0
131.94 32.34 28 -0.48 -0.12 0.60 1.14 2.61 0.01 26 0 0
129.83 31.46 16 -0.83 2.47 -1.64 0.50 1.33 9.95 23 0 0
137.42 35.74 15 0.55 1.39 -1.94 -0.76 0.14 -1.75 25 0 0
137.49 35.82 16 1.50 1.52 -3.02 -2.31 0.83 -2.02 24 0 0
141.37 34.11 35 -1.10 1.21 -0.11 -0.94 1.37 -0.51 26 0 0
141.28 33.85 13 2.92 0.24 -3.16 -0.31 3.06 0.13 24 0 0
141.29 33.97 12 -1.65 -0.02 1.67 -0.12 1.58 -0.16 24 0 0
141.45 33.98 20 -2.09 0.48 1.61 -0.19 2.84 0.08 24 0 0
141.33 33.77 20 -6.27 1.17 5.10 0.63 3.92 -0.74 23 0 0
141.76 34.01 10 -1.16 0.39 0.77 -0.72 3.12 -0.10 24 0 0
141.81 37.59 24 8.71 -2.00 -6.72 -2.38 8.43 -0.98 23 0 0
148.14 44.06 52 4.16 -0.24 -3.93 1.92 0.63 -1.43 25 0 0
148.00 44.07 51 2.57 -1.17 -1.41 1.05 1.72 -1.31 23 0 0
141.73 36.91 42 6.21 -0.68 -5.52 0.53 4.03 -2.88 23 0 0
141.79 34.02 14 -7.22 2.28 4.94 -0.84 2.64 -1.58 23 0 0
135.37 34.00 66 -1.68 2.59 -0.91 1.50 -2.57 -2.64 24 0 0
143.06 45.56 332 3.05 5.83 -8.88 5.23 -3.43 -2.02 23 0 0
146.60 44.84 173 0.83 2.52 -3.35 3.31 -0.90 -3.35 23 0 0
131.36 32.26 118 2.05 0.69 -2.74 -1.08 1.67 -1.80 24 0 0
148.00 43.51 45 1.60 -0.80 -0.80 0.78 0.57 -1.27 24 0 0
142.69 39.69 39 3.24 0.38 -3.62 0.60 3.53 -1.86 23 0 0
145.57 47.31 429 2.33 1.06 -3.39 -6.42 -8.53 4.34 23 0 0
132.15 30.54 18 -9.40 0.66 8.74 2.04 4.39 1.75 23 0 0
145.81 43.20 101 1.02 0.78 -1.80 4.35 3.31 -1.40 23 0 0
141.11 35.88 10 0.91 -0.34 -0.57 0.27 1.25 -0.66 24 0 0
146.78 44.28 142 0.20 0.55 -0.75 1.09 -0.22 -0.64 25 0 0
140.17 40.42 169 -2.43 1.78 0.65 -1.68 2.26 -1.12 25 0 0
140.74 33.70 10 0.57 0.33 -0.91 -1.35 1.17 0.69 25 0 0
142.27 41.26 57 5.01 -1.01 -4.00 1.98 3.61 -1.78 24 0 0
141.19 37.01 58 4.85 2.58 -7.44 0.68 4.30 -2.38 23 0 0
132.52 32.83 39 -2.24 -0.04 2.28 0.47 1.03 0.32 24 0 0
141.94 41.60 85 3.27 -0.08 -3.19 2.92 2.79 -0.07 23 0 0
132.58 30.04 10 -2.36 0.05 2.31 -0.55 0.87 0.37 24 0 0
143.90 40.63 24 3.92 0.13 -4.05 4.12 8.39 -1.79 23 0 0
140.52 37.20 109 0.01 0.66 -0.67 -0.27 -1.04 -0.00 24 0 0
140.28 35.94 54 3.01 0.41 -3.42 3.38 1.36 -0.60 23 0 0
142.00 37.54 39 3.74 -0.78 -2.96 1.53 4.03 -1.68 25 0 0
142.70 39.87 49 6.28 -1.07 -5.21 2.34 4.28 -2.98 23 0 0
140.84 35.04 57 0.69 0.63 -1.32 -0.84 0.66 0.49 24 0 0
139.74 35.52 114 -0.95 1.35 -0.40 1.47 -7.75 -3.38 24 0 0
140.41 38.02 115 3.36 -3.83 0.46 -2.02 -4.64 -0.73 23 0 0
143.27 42.24 63 1.23 -0.39 -0.83 0.36 0.89 -0.68 24 0 0
136.74 37.72 36 9.94 -8.59 -1.35 4.94 0.70 -6.86 23 0 0
146.10 46.05 277 -0.53 1.53 -1.01 4.74 0.92 -0.47 24 0 0
148.56 43.58 25 3.12 -1.38 -1.74 -0.09 3.91 -2.53 23 0 0
139.41 41.19 22 2.09 -0.19 -1.91 0.10 0.36 0.68 24 0 0
140.86 43.10 152 1.87 -0.87 -1.01 -6.74 -0.97 0.28 23 0 0
146.90 43.76 120 -2.31 5.03 -2.72 5.19 2.12 -2.36 23 0 0
142.77 42.20 51 2.44 -0.98 -1.47 0.49 2.88 -0.66 23 0 0
143.73 39.29 15 3.14 0.26 -3.41 3.12 5.81 -1.14 24 0 0
141.32 36.12 36 1.81 0.01 -1.81 0.35 1.50 -0.74 25 0 0
142.00 38.47 30 0.89 -0.68 -0.21 6.32 -0.11 -1.57 24 0 0
140.90 32.47 48 -5.37 -0.85 6.21 -1.61 6.12 -0.09 23 0 0
147.34 43.79 78 -1.02 1.31 -0.29 1.26 1.38 0.28 24 0 0
147.88 43.99 83 0.12 1.19 -1.31 1.02 -1.64 2.20 23 0 0
141.64 30.38 15 4.68 0.72 -5.40 -0.00 5.01 -0.11 24 0 0
147.59 43.79 40 2.69 -1.07 -1.62 1.03 2.14 -1.53 25 0 0
141.68 30.38 15 0.88 0.24 -1.12 0.03 0.86 0.11 24 0 0
141.96 30.41 15 5.17 0.79 -5.96 -0.60 4.06 0.69 24 0 0
141.48 30.73 29 1.41 0.68 -2.09 0.61 1.33 0.54 24 0 0
141.73 32.36 15 5.63 0.40 -6.02 0.19 2.93 -2.72 24 0 0
148.55 43.62 16 1.80 -0.75 -1.05 1.33 2.22 -1.09 25 0 0
148.23 43.99 44 2.50 -1.56 -0.94 0.05 1.26 -0.92 23 0 0
145.50 43.12 71 -0.62 0.69 -0.06 1.02 0.17 -0.19 24 0 0
142.64 36.48 22 3.39 -0.80 -2.59 1.38 4.94 -1.63 23 0 0
146.48 42.95 70 1.96 0.80 -2.76 8.77 3.14 -4.22 24 0 0
140.40 35.11 59 2.14 7.44 -9.58 -3.13 1.79 0.12 25 0 0
137.37 31.85 396 0.28 0.15 -0.42 -0.05 -1.19 -0.12 24 0 0
141.43 36.82 36 2.02 -0.18 -1.84 0.58 1.96 -1.01 24 0 0
141.47 43.79 15 1.07 3.22 -4.29 0.00 0.00 -7.33 23 0 0
136.72 35.98 262 -0.95 2.56 -1.61 -3.93 4.77 -1.09 23 0 0
139.36 34.53 15 -0.54 -2.62 3.16 3.22 4.76 -7.66 24 0 0
144.87 42.05 15 -2.86 4.46 -1.60 -5.47 -0.20 -0.71 23 0 0
141.29 36.03 30 4.16 0.33 -4.49 0.69 4.49 -1.96 24 0 0
142.08 38.67 42 7.06 0.33 -7.39 3.32 7.12 -2.38 24 0 0
137.83 36.42 15 1.79 0.45 -2.23 -1.29 0.61 -1.55 24 0 0
141.38 39.80 60 3.12 -1.35 -1.77 -1.06 -8.16 -1.60 25 0 0
142.73 42.73 89 -0.31 0.44 -0.13 1.63 0.22 0.20 26 0 0
144.81 42.76 51 0.65 -0.01 -0.64 0.72 0.42 -1.07 24 0 0
146.40 42.90 63 0.92 1.77 -2.70 5.85 0.93 -5.54 23 0 0
141.81 36.79 38 2.85 -0.01 -2.84 1.36 2.65 -1.54 25 0 0
141.94 36.91 41 1.03 -0.20 -0.82 0.24 0.81 -0.37 26 0 0
143.21 35.46 17 -3.71 -0.05 3.76 0.55 2.02 2.51 23 0 0
132.16 43.13 504 -0.13 1.55 -1.41 -0.13 -0.57 0.13 25 0 0
141.68 30.03 45 -4.22 4.74 -0.52 1.46 4.04 3.66 23 0 0
141.60 36.69 30 1.92 0.03 -1.95 0.48 0.99 -0.90 24 0 0
141.88 36.74 28 1.45 -0.26 -1.19 1.30 1.96 -0.66 24 0 0
145.16 40.56 18 -4.82 1.81 3.01 1.12 0.74 2.89 24 0 0
145.34 40.60 18 -1.99 0.20 1.80 -0.05 0.23 0.26 24 0 0
131.77 31.94 38 -9.04 -0.43 9.48 0.79 7.06 -0.83 25 0 0
130.56 32.60 46 -5.46 -3.19 8.65 0.69 -0.08 0.62 23 0 0
137.77 37.39 21 3.44 -0.00 -3.44 -0.71 -0.38 -0.21 24 0 0
131.76 30.73 15 2.46 0.33 -2.79 2.03 2.89 -0.47 24 0 0
141.75 37.30 31 6.22 -1.08 -5.14 4.07 8.71 -2.22 25 0 0
141.58 36.82 32 9.64 0.11 -9.75 2.99 9.01 -4.41 24 0 0
140.04 35.43 48 3.66 2.15 -5.80 1.03 2.76 -0.71 23 0 0
141.67 37.17 33 5.54 -0.79 -4.75 4.12 8.31 -1.99 25 0 0
139.49 31.97 147 2.05 -8.83 6.77 3.21 -6.20 -1.36 23 0 0
142.90 37.75 20 2.96 1.05 -4.02 3.32 3.95 -1.87 23 0 0
141.86 36.92 20 2.99 -0.42 -2.57 0.94 3.33 -1.40 23 0 0
139.01 46.67 442 0.92 0.54 -1.46 0.30 -1.02 -0.66 26 0 0
142.13 35.66 15 4.48 0.84 -5.32 1.86 4.87 -3.20 23 0 0
142.04 38.56 43 4.35 0.43 -4.78 1.28 3.95 -2.15 24 0 0
146.91 44.84 145 1.28 -0.34 -0.93 1.40 -0.79 0.42 24 0 0
141.98 37.95 25 1.90 -0.16 -1.74 0.08 0.47 -0.68 24 0 0
143.31 41.24 15 -3.09 4.32 -1.23 -2.40 -2.86 -0.83 23 0 0
141.96 37.06 15 7.96 -1.90 -6.06 -0.08 -0.87 -3.74 23 0 0
148.05 43.37 21 4.15 -0.14 -4.02 2.70 3.85 -3.40 23 0 0
130.40 30.99 166 1.49 -1.51 0.02 0.35 5.94 -0.38 24 0 0
142.68 36.73 15 1.31 -0.20 -1.11 0.79 2.34 -0.73 24 0 0
137.97 33.04 301 3.39 1.03 -4.42 1.31 -5.64 -2.65 24 0 0
144.65 39.39 15 -1.99 -0.23 2.22 -0.19 0.63 -0.07 24 0 0
139.77 30.36 167 -0.50 -0.86 1.36 -1.38 -2.55 -0.98 24 0 0
141.60 36.50 20 3.00 -0.00 -3.00 2.43 6.49 -2.04 24 0 0
141.71 37.13 43 2.67 -0.12 -2.55 0.86 2.03 -0.95 24 0 0
141.64 43.98 167 2.36 2.90 -5.26 -1.81 2.35 1.72 23 0 0
137.55 32.46 352 0.61 -0.57 -0.04 -0.16 -1.15 -0.71 24 0 0
146.78 43.26 62 1.01 -0.06 -0.95 -0.21 0.73 -0.74 24 0 0
138.83 30.46 444 -2.33 6.52 -4.19 3.34 -8.47 -1.44 23 0 0
140.37 35.29 20 0.19 -2.49 2.29 -1.24 5.20 3.92 25 0 0
142.19 43.27 180 -0.72 3.02 -2.29 8.53 0.04 1.18 24 0 0
141.83 37.04 28 1.44 0.23 -1.67 0.45 1.23 -0.78 24 0 0
140.93 35.41 61 4.85 1.70 -6.55 -0.25 5.07 -1.36 23 0 0
139.10 35.69 94 -2.24 1.98 0.26 1.58 1.73 -0.54 24 0 0
130.83 30.21 42 4.16 1.54 -5.70 6.64 4.49 -1.49 24 0 0
142.18 41.49 82 2.45 -0.30 -2.15 1.31 1.68 -0.69 23 0 0
148.62 43.10 15 1.16 -0.33 -0.82 0.61 1.10 -0.73 24 0 0
148.02 42.96 15 1.05 -0.02 -1.02 -0.23 0.40 -0.59 24 0 0
143.36 42.49 89 -0.78 -1.51 2.30 7.97 -2.46 0.35 24 0 0
143.25 42.15 63 6.19 -2.16 -4.03 0.47 3.65 -2.65 23 0 0
147.67 43.75 55 0.94 0.89 -1.83 1.23 0.43 -0.77 24 0 0
144.25 45.92 374 0.92 1.49 -2.41 3.51 -3.29 -2.57 23 0 0
144.64 41.59 36 1.51 -0.55 -0.95 0.56 1.86 -0.76 25 0 0
145.06 41.31 15 2.02 -0.95 -1.07 0.93 -0.96 -0.98 24 0 0
142.43 36.92 34 1.61 0.11 -1.72 0.65 1.38 -0.68 24 0 0
141.23 33.86 45 1.03 5.82 -6.85 2.26 0.12 -5.35 23 0 0
139.40 35.00 71 4.22 -4.89 0.67 -0.38 -2.22 -3.46 23 0 0
138.99 35.33 31 2.33 3.82 -6.14 8.89 3.45 -5.07 23 0 0
137.21 30.14 491 2.68 4.96 -7.64 5.81 -3.67 3.89 25 0 0
142.93 42.03 54 6.06 -0.93 -5.12 1.60 6.54 -5.93 23 0 0
141.05 35.53 27 3.62 -2.20 -1.42 -3.24 -0.20 -0.17 24 0 0
137.65 30.55 503 -5.70 2.68 3.03 -0.49 -2.72 5.49 23 0 0
144.38 42.49 85 -1.59 0.39 1.19 4.66 0.17 -2.20 24 0 0
148.58 43.94 73 1.90 2.09 -3.99 1.82 -0.27 -4.80 23 0 0
141.89 36.97 35 2.45 0.08 -2.53 0.78 1.57 -1.29 24 0 0
139.87 35.36 70 2.88 -0.07 -2.81 -0.49 -1.09 -0.08 23 0 0
147.41 44.88 15 0.76 3.20 -3.96 7.83 0.34 -1.30 23 0 0
141.64 30.95 15 1.38 0.25 -1.63 -0.65 1.51 -0.08 24 0 0
141.80 36.37 15 1.35 -0.26 -1.09 1.18 3.27 -1.21 24 0 0
138.75 34.42 15 -1.18 -2.86 4.04 2.75 -0.01 1.35 23 0 0
141.69 41.94 51 3.64 -0.24 -3.39 0.36 3.50 -0.52 23 0 0
144.26 41.58 28 0.88 -0.41 -0.48 0.38 1.72 -0.65 25 0 0
142.01 42.47 56 1.54 -1.56 0.03 0.10 -0.93 1.16 24 0 0
141.86 33.01 15 2.18 0.11 -2.29 -0.47 2.01 -0.62 24 0 0
148.81 44.54 38 4.48 -0.73 -3.75 -1.43 0.77 -0.31 23 0 0
140.11 31.62 88 0.38 0.17 -0.55 0.13 -1.25 -0.19 24 0 0
140.99 37.51 39 4.50 0.52 -5.03 -1.87 -3.25 -0.93 23 0 0
140.93 33.12 33 1.62 0.53 -2.15 -1.11 0.13 0.39 24 0 0
139.82 35.70 34 1.51 -1.04 -0.46 1.00 1.78 -0.86 24 0 0
140.64 35.43 32 0.83 0.17 -1.00 -0.08 1.13 -0.16 25 0 0
140.50 35.55 29 1.15 0.29 -1.44 0.09 0.91 -0.21 24 0 0
134.80 36.31 384 2.47 0.69 -3.16 2.94 -4.57 0.44 23 0 0
141.19 33.99 20 -6.11 5.95 0.16 -6.17 3.12 -2.28 23 0 0
140.41 30.48 78 1.32 -0.49 -0.83 -1.06 -2.68 -0.38 25 0 0
137.46 32.12 381 -0.31 0.01 0.31 -0.07 -1.44 0.13 24 0 0
147.46 43.54 15 3.84 -2.38 -1.45 3.29 6.08 -1.28 23 0 0
144.60 39.82 33 -3.90 -0.71 4.61 -1.15 -0.32 -0.27 23 0 0
138.11 31.76 366 0.06 -0.49 0.43 -1.20 -3.90 -0.75 25 0 0
138.90 34.78 15 0.88 -1.05 0.18 0.00 0.00 -8.01 23 0 0
140.68 33.27 62 -0.29 9.68 -9.40 -1.65 -3.10 3.06 23 0 0
137.69 32.43 404 0.47 -0.12 -0.35 0.18 -0.54 -1.18 24 0 0
140.06 33.80 57 3.20 -0.50 -2.70 -1.46 0.71 1.06 23 0 0
145.28 42.69 43 2.13 -0.71 -1.42 0.14 2.08 -1.84 24 0 0
141.95 41.48 50 5.44 0.59 -6.04 4.46 6.45 -1.19 23 0 0
140.53 36.29 36 7.00 1.98 -8.98 0.76 5.15 -2.68 23 0 0
147.43 48.00 444 3.19 2.55 -5.73 4.30 -3.28 -0.26 23 0 0
136.65 36.62 240 3.68 4.34 -8.02 1.92 -7.58 1.85 23 0 0
134.91 33.39 37 1.39 -4.84 3.45 -1.07 2.35 -2.96 23 0 0
138.97 34.68 22 0.36 0.79 -1.14 0.34 0.43 -0.66 24 0 0
143.59 39.67 22 6.90 0.79 -7.69 4.36 6.16 -1.96 24 0 0
144.32 40.63 15 0.61 0.45 -1.06 0.73 3.83 -0.37 25 0 0
143.35 39.29 30 4.96 0.67 -5.64 1.90 3.81 -1.36 24 0 0
143.50 39.38 30 3.14 -0.14 -3.00 2.80 3.88 -0.93 25 0 0
143.36 39.29 15 1.37 0.25 -1.62 0.05 1.50 -0.69 24 0 0
143.57 39.29 15 1.42 0.24 -1.66 1.00 1.24 -0.17 24 0 0
143.53 39.28 32 2.65 1.39 -4.04 5.83 4.32 1.61 23 0 0
143.08 39.95 24 0.61 -0.07 -0.55 0.56 1.10 -0.11 27 0 0
143.53 39.04 33 6.17 -0.27 -5.90 4.95 2.75 -1.97 23 0 0
143.48 39.92 27 1.22 0.17 -1.39 1.26 1.43 -0.29 24 0 0
143.32 39.03 18 4.44 0.44 -4.88 3.18 4.80 -1.26 24 0 0
143.39 38.90 15 6.97 0.69 -7.66 2.70 5.47 -6.44 23 0 0
143.52 39.07 15 4.36 0.35 -4.71 2.33 4.67 -1.02 23 0 0
143.35 39.06 15 4.87 1.29 -6.16 0.37 3.08 -3.65 23 0 0
142.05 40.06 56 1.11 0.37 -1.48 0.47 0.83 -0.47 24 0 0
141.37 30.77 18 3.97 0.89 -4.86 -0.72 1.62 -0.04 23 0 0
145.07 42.82 45 9.80 -2.92 -6.88 1.38 5.86 -6.22 23 0 0
143.28 39.38 33 4.12 -0.15 -3.97 2.42 2.93 -2.77 23 0 0
143.06 39.17 15 1.10 0.08 -1.18 1.49 2.38 -0.46 24 0 0
141.60 31.71 15 4.44 0.74 -5.19 1.22 0.57 -1.20 23 0 0
141.15 31.87 62 1.16 -0.05 -1.10 0.58 -0.67 -0.28 24 0 0
140.86 36.44 45 1.98 0.50 -2.47 0.73 1.47 -0.88 24 0 0
142.93 39.96 15 1.26 0.46 -1.72 0.56 3.41 -0.98 24 0 0
142.31 32.51 36 -4.45 -0.57 5.03 0.97 -0.39 1.92 23 0 0
138.79 32.16 270 2.15 -3.61 1.46 -0.75 -2.11 -5.12 23 0 0
141.66 41.19 52 1.07 0.01 -1.08 0.23 0.77 -0.73 24 0 0
142.78 38.92 15 1.48 0.06 -1.53 0.89 3.31 -0.68 24 0 0
142.97 40.01 15 1.56 1.27 -2.84 2.01 4.72 0.98 24 0 0
140.88 35.99 39 2.88 -0.06 -2.82 0.81 1.67 -1.28 24 0 0
139.05 34.62 32 0.60 0.59 -1.19 -0.78 0.55 -4.10 25 0 0
130.34 30.37 55 2.79 -0.71 -2.08 6.87 3.97 -3.32 23 0 0
139.31 32.14 146 -1.25 0.40 0.85 1.05 -7.59 -1.71 23 0 0
138.04 33.45 52 -0.40 -1.76 2.16 0.16 0.01 -0.10 24 0 0
147.22 43.66 20 0.29 0.72 -1.01 -0.31 0.41 -0.38 24 0 0
146.49 42.98 15 0.49 -0.28 -0.21 0.64 1.01 -0.41 25 0 0
143.52 42.47 60 0.01 0.43 -0.44 2.20 0.52 -0.81 24 0 0
135.26 35.50 367 -0.95 1.33 -0.37 0.16 0.51 0.48 25 0 0
138.35 47.35 520 1.22 1.48 -2.70 0.22 -0.16 -0.33 24 0 0
140.35 36.25 44 5.61 0.97 -6.58 2.73 3.06 -3.76 23 0 0
130.42 41.49 586 1.26 -0.07 -1.19 0.39 -1.95 -1.23 25 0 0
136.79 37.20 274 -0.12 1.12 -1.00 0.38 -1.19 0.33 24 0 0
142.96 39.99 15 0.28 0.06 -0.35 0.01 1.11 -0.07 24 0 0
147.22 43.89 96 -8.74 5.85 2.89 5.39 5.87 5.36 23 0 0
140.70 35.51 30 1.59 0.19 -1.78 0.03 1.98 -0.66 25 0 0
138.94 35.78 120 4.28 0.60 -4.89 -0.43 9.53 -1.75 23 0 0
138.61 34.91 152 0.29 0.26 -0.55 0.02 -1.18 -0.50 24 0 0
140.40 35.99 56 5.74 0.94 -6.69 -2.13 0.83 -0.07 23 0 0
141.36 36.24 39 0.96 0.28 -1.24 0.24 0.91 -0.59 25 0 0
138.84 34.95 15 4.44 -2.26 -2.18 4.12 1.35 -1.33 23 0 0
143.00 43.72 171 1.59 -3.15 1.56 8.11 -0.21 -5.66 23 0 0
142.26 46.21 348 1.95 1.12 -3.07 1.82 -0.65 -2.94 24 0 0
139.95 35.43 15 -0.83 -2.01 2.84 -2.34 0.82 6.98 23 0 0
141.04 33.43 36 1.37 -0.17 -1.19 -0.41 -0.72 -0.52 24 0 0
138.34 33.19 17 0.49 -6.93 6.44 -0.49 0.19 -2.29 25 0 0
140.51 36.42 40 5.11 -0.56 -4.54 0.39 4.83 -1.96 23 0 0
141.97 41.34 59 -0.88 9.14 -8.26 8.64 7.17 0.44 23 0 0
141.62 31.07 15 7.09 2.77 -9.85 0.33 9.52 0.29 23 0 0
138.42 46.02 15 8.45 -1.30 -7.15 0.71 -0.14 -2.62 24 0 0
143.13 40.34 16 0.49 0.27 -0.76 0.42 1.85 -0.32 24 0 0
138.43 36.84 15 7.80 -0.34 -7.46 -0.47 -3.96 -3.21 23 0 0
141.89 39.94 53 4.67 1.25 -5.91 0.62 4.43 -5.22 23 0 0
144.65 42.33 60 7.33 -3.34 -3.99 4.20 -0.09 -7.80 23 0 0
144.51 39.50 15 -1.37 0.54 0.83 -0.25 0.08 -0.03 25 0 0
143.08 42.81 114 -0.48 0.67 -0.19 5.13 0.57 -0.20 24 0 0
140.53 36.91 74 0.73 0.39 -1.13 0.08 0.72 -0.31 24 0 0
145.91 47.96 465 -0.60 4.23 -3.63 -3.76 -4.83 -1.19 24 0 0
145.64 43.31 98 -4.45 4.67 -0.22 8.78 4.91 3.09 23 0 0
138.75 32.29 248 0.27 -1.29 1.02 -4.54 -7.70 1.85 23 0 0
131.70 30.21 60 5.32 1.85 -7.17 3.40 0.96 -3.77 23 0 0
141.25 35.56 44 5.28 0.91 -6.19 0.90 4.15 -2.88 24 0 0
144.68 42.14 26 -3.72 3.43 0.29 1.59 0.34 0.67 24 0 0
132.63 35.04 15 0.32 0.96 -1.28 1.35 -0.44 -0.91 24 0 0
138.48 34.09 15 -0.54 -1.73 2.27 1.58 -0.53 -0.79 25 0 0
135.04 33.57 45 -6.33 4.39 1.95 -0.96 -1.01 -0.51 23 0 0
144.07 43.22 103 0.46 0.78 -1.23 1.08 -0.74 0.15 24 0 0
130.98 34.07 17 0.92 4.96 -5.88 -1.00 -1.65 -4.85 23 0 0
137.77 34.06 311 0.75 0.03 -0.78 0.12 -1.25 0.33 24 0 0
142.86 42.02 46 2.37 -0.52 -1.85 1.73 3.51 -1.19 25 0 0
142.18 41.32 70 1.12 -0.35 -0.77 0.58 0.77 -0.71 24 0 0
140.48 38.37 126 1.29 0.05 -1.34 0.00 -3.74 0.04 24 0 0
139.70 35.20 106 0.99 0.20 -1.19 -0.83 -5.30 -0.50 24 0 0
139.63 31.04 15 -6.76 0.39 6.36 2.32 -3.03 -0.29 23 0 0
142.02 31.22 44 3.37 1.34 -4.71 -0.23 2.47 -0.63 23 0 0
145.33 42.49 46 9.32 -5.28 -4.05 -1.36 7.29 -8.89 23 0 0
142.42 39.09 60 5.69 -2.32 -3.37 1.35 -3.74 0.17 23 0 0
144.73 41.12 15 -1.07 0.80 0.27 0.42 0.31 0.35 25 0 0
140.20 36.49 111 -1.89 1.07 0.82 6.19 -7.14 0.05 23 0 0
142.03 31.07 15 1.66 -0.18 -1.48 0.22 0.64 0.10 24 0 0
141.81 31.16 15 5.08 0.66 -5.74 -0.35 6.48 0.52 24 0 0
141.47 31.11 27 2.64 1.47 -4.11 -0.73 5.50 -0.41 23 0 0
140.96 35.73 53 7.66 -1.02 -6.63 1.85 7.04 -2.60 23 0 0
141.82 31.14 17 0.89 0.20 -1.09 -0.02 0.80 -0.13 25 0 0
141.84 30.75 15 7.31 1.87 -9.18 1.18 9.52 1.43 24 0 0
141.80 30.81 15 4.38 1.53 -5.90 0.25 4.93 0.49 24 0 0
141.65 36.35 35 1.73 -0.33 -1.41 1.44 2.94 -1.62 24 0 0
141.90 31.35 15 5.32 0.67 -5.99 0.23 3.60 -0.81 23 0 0
141.15 31.32 48 1.25 -0.01 -1.24 0.19 1.15 -0.07 24 0 0
142.16 32.59 15 7.09 1.01 -8.09 0.29 7.56 -3.05 23 0 0
141.88 32.75 18 5.82 -0.77 -5.05 -0.40 5.61 1.37 23 0 0
138.73 34.30 15 -1.56 -5.68 7.23 3.90 -6.26 0.94 23 0 0
142.47 45.49 330 -0.19 9.31 -9.12 6.27 -2.68 -0.63 24 0 0
141.64 30.55 33 2.08 0.40 -2.48 3.76 2.09 0.22 23 0 0
141.23 30.86 63 2.78 6.38 -9.17 -1.81 5.36 -2.71 23 0 0
141.56 31.05 16 3.63 0.19 -3.83 -1.59 5.00 0.39 23 0 0
142.43 41.24 60 1.67 -0.21 -1.46 0.51 1.20 -0.73 25 0 0
142.29 41.09 59 1.11 -0.25 -0.86 0.14 0.62 -0.95 24 0 0
143.49 39.41 19 4.08 -0.08 -4.00 3.58 6.41 -1.40 24 0 0
143.30 39.45 28 2.29 -0.31 -1.99 2.24 3.70 -0.84 24 0 0
143.54 39.47 15 0.94 -0.05 -0.89 1.05 2.34 -0.20 26 0 0
143.02 39.13 15 1.62 -0.47 -1.15 0.14 4.19 -0.59 25 0 0
143.52 38.61 15 3.36 0.52 -3.87 0.44 4.66 -2.04 24 0 0
143.15 39.26 29 5.21 0.15 -5.36 3.06 8.56 -2.48 24 0 0
142.95 39.24 17 5.88 -2.28 -3.60 6.22 8.35 -2.25 23 0 0
143.61 38.92 36 1.05 -0.02 -1.03 0.75 1.21 -0.71 24 0 0
143.25 39.39 15 1.03 0.21 -1.24 1.11 2.57 -0.80 24 0 0
143.34 39.07 20 6.24 -0.14 -6.10 3.34 8.78 -3.24 24 0 0
143.37 39.11 15 3.38 1.17 -4.56 4.53 3.86 -1.93 23 0 0
143.31 39.17 28 2.38 0.57 -2.95 0.09 0.84 -0.85 23 0 0
143.13 39.69 18 2.87 0.22 -3.09 1.38 5.93 0.34 23 0 0
143.04 38.84 18 3.40 -0.11 -3.29 3.42 8.14 -0.28 24 0 0
143.32 39.59 16 0.64 0.47 -1.11 0.84 3.06 -0.65 24 0 0
143.48 39.72 15 0.55 0.06 -0.61 0.69 2.13 -0.20 25 0 0
141.73 32.77 37 2.02 0.80 -2.83 -0.60 2.94 -1.58 23 0 0
135.46 35.69 371 -2.25 4.11 -1.86 1.48 -2.35 1.76 24 0 0
135.70 42.89 372 -0.16 -0.25 0.41 -0.22 -1.12 -0.19 24 0 0
141.89 32.69 15 1.49 -0.14 -1.35 -0.09 2.00 0.34 25 0 0
141.98 32.21 15 4.33 0.11 -4.44 -0.10 4.34 -0.43 24 0 0
141.36 33.10 31 0.84 0.33 -1.16 0.19 0.92 0.02 24 0 0
140.71 42.46 124 0.13 0.22 -0.35 -0.05 -1.53 -0.93 25 0 0
138.09 33.40 309 0.39 0.11 -0.49 -0.32 -2.74 -0.75 25 0 0
130.16 31.14 168 0.99 -0.50 -0.49 0.36 3.41 -1.52 24 0 0
141.81 33.70 24 -8.35 -0.96 9.31 0.44 -7.39 1.16 23 0 0
131.80 30.92 39 8.21 -0.58 -7.64 8.97 3.92 -5.26 23 0 0
147.16 43.75 58 8.18 -5.78 -2.41 -6.04 -6.73 -1.02 24 0 0
143.90 39.64 18 7.11 0.33 -7.44 5.61 8.89 -2.86 23 0 0
142.45 38.85 23 3.24 2.43 -5.67 -1.03 8.60 -4.62 23 0 0
142.68 38.98 26 5.23 2.42 -7.65 -4.65 7.66 -5.96 23 0 0
142.70 38.83 16 1.04 1.64 -2.68 -1.38 3.61 -2.48 24 0 0
143.05 38.84 34 5.46 0.47 -5.93 3.09 4.01 -2.12 23 0 0
142.25 38.49 25 2.65 -0.86 -1.79 -0.41 4.49 -4.85 23 0 0
144.29 43.06 100 -0.19 0.56 -0.38 2.64 0.49 -0.07 27 0 0
133.96 38.70 462 -1.53 5.77 -4.25 1.51 -2.98 -1.38 25 0 0
142.08 45.64 312 -5.29 7.87 -2.57 3.68 -5.80 -0.48 23 0 0
148.44 44.40 95 1.26 -0.52 -0.74 3.24 0.32 -2.07 23 0 0
137.21 37.74 15 3.47 -0.92 -2.56 -0.02 0.09 -1.38 25 0 0
141.94 45.66 314 0.03 1.48 -1.51 1.49 -1.92 -0.23 24 0 0
142.66 40.29 34 2.46 0.40 -2.86 1.49 2.56 -0.68 24 0 0
143.37 42.11 69 3.67 -1.83 -1.85 0.80 2.77 -3.54 23 0 0
141.83 35.93 30 1.40 -0.19 -1.21 1.25 1.71 -0.86 24 0 0
143.84 41.62 33 4.89 -0.22 -4.67 2.53 8.86 -3.72 24 0 0
141.47 39.29 108 -0.89 0.34 0.55 0.13 1.09 -0.53 24 0 0
140.40 35.93 49 5.42 -5.09 -0.33 2.97 4.89 -1.74 23 0 0
142.98 40.28 59 -2.42 2.73 -0.31 -2.01 2.29 0.64 23 0 0
141.63 35.88 19 2.66 0.03 -2.69 0.79 3.82 -1.65 24 0 0
141.27 35.24 15 -0.36 0.19 0.17 0.46 1.12 -0.12 24 0 0
142.21 34.31 15 6.11 -1.67 -4.45 -0.53 1.92 -5.88 23 0 0
138.77 30.27 408 -1.63 1.48 0.15 -0.27 -1.59 -1.13 24 0 0
139.28 42.71 16 4.52 -0.29 -4.23 0.04 -1.58 0.02 27 0 0
138.58 43.06 20 5.33 -1.03 -4.29 -1.91 -1.26 -0.68 23 0 0
138.75 42.76 20 7.53 0.33 -7.86 2.93 -6.09 -2.26 23 0 0
141.60 34.63 21 -1.35 0.02 1.33 0.09 0.65 -0.15 24 0 0
131.26 31.03 17 -1.07 0.81 0.26 2.68 0.12 -0.49 24 0 0
139.79 42.00 27 2.76 0.32 -3.08 -0.13 -0.67 0.01 25 0 0
141.81 31.59 15 4.04 0.91 -4.96 -0.82 4.90 -0.42 24 0 0
141.55 31.77 15 0.20 0.47 -0.67 -0.37 1.00 -0.04 24 0 0
142.82 41.68 53 1.51 -0.48 -1.03 0.51 1.04 -0.93 24 0 0
132.21 30.81 28 -1.86 -0.40 2.26 -0.27 2.27 0.72 24 0 0
140.52 37.56 106 2.89 -0.56 -2.33 -2.02 -0.96 1.69 23 0 0
137.93 30.70 488 -3.12 4.56 -1.45 0.80 -2.15 1.62 24 0 0
138.02 32.12 364 -0.04 0.04 0.00 -0.09 -2.42 -0.39 26 0 0
142.03 41.54 68 9.94 -1.08 -8.86 2.73 7.63 -5.27 23 0 0
141.50 36.43 33 4.85 0.13 -4.97 7.27 7.57 -3.27 23 0 0
142.97 41.35 33 8.34 -8.37 0.02 -5.51 1.51 -0.84 23 0 0
141.30 38.52 111 -4.82 -0.28 5.10 1.10 1.09 -0.20 24 0 0
141.69 41.93 75 -3.50 6.28 -2.78 -3.59 2.66 -5.25 23 0 0
142.45 41.12 63 6.59 -0.60 -5.99 1.44 3.85 -3.48 23 0 0
141.06 36.40 55 8.09 -0.02 -8.07 2.36 1.40 -6.34 23 0 0
141.93 39.24 52 3.64 1.54 -5.18 8.97 7.96 -1.08 23 0 0
144.06 41.66 18 0.89 -0.10 -0.79 0.71 1.42 -0.57 24 0 0
130.33 32.03 15 -0.04 -0.01 0.06 -0.03 0.03 1.48 24 0 0
131.41 30.58 23 3.26 -0.21 -3.06 2.61 4.68 -1.21 23 0 0
139.05 34.64 15 -0.44 -1.27 1.71 0.86 -0.20 -0.06 24 0 0
141.55 36.39 31 0.86 0.37 -1.23 0.32 1.75 0.33 24 0 0
143.94 40.62 15 1.49 0.11 -1.60 1.85 3.93 -0.35 25 0 0
131.58 31.24 33 4.53 -0.43 -4.10 3.69 4.71 -2.54 24 0 0
147.38 44.00 83 -0.39 3.25 -2.86 -2.52 -9.26 -1.77 23 0 0
133.04 42.30 489 0.27 5.32 -5.59 2.59 -8.83 -2.99 26 0 0
124.43 34.97 15 -1.81 4.64 -2.84 0.00 0.00 6.08 23 0 0
142.64 40.95 51 -4.60 0.64 3.96 5.04 -0.34 0.23 23 0 0
142.25 38.72 37 4.09 0.27 -4.36 2.76 5.93 -1.49 24 0 0
142.40 37.91 22 4.46 -0.46 -4.01 -0.41 1.90 -0.97 24 0 0
142.03 31.03 36 1.12 0.62 -1.73 -0.05 0.74 0.04 24 0 0
145.04 42.73 88 1.24 2.29 -3.53 6.26 -3.98 -4.05 23 0 0
146.03 43.60 82 -0.86 2.07 -1.21 0.41 -0.87 -0.40 25 0 0
142.34 37.42 26 4.78 -2.70 -2.08 2.20 -3.93 1.34 23 0 0
147.63 43.60 68 1.21 1.09 -2.30 1.78 0.98 -0.94 28 0 0
147.37 43.63 15 -6.71 6.80 -0.09 -5.40 4.14 -0.23 24 0 0
147.31 44.22 26 -0.02 0.22 -0.20 1.22 -0.98 -0.58 25 0 0
148.05 43.60 33 -1.32 7.79 -6.47 1.81 7.78 -3.10 23 0 0
148.09 43.03 57 3.64 -1.09 -2.55 3.03 2.86 -1.84 23 0 0
147.28 43.58 43 0.58 -0.87 0.29 2.68 -0.32 -0.38 24 0 0
147.06 42.94 56 1.15 -0.26 -0.89 1.01 1.02 -1.00 24 0 0
148.51 43.50 32 7.24 0.89 -8.13 4.16 5.59 -4.89 23 0 0
146.18 42.68 34 1.07 0.10 -1.17 0.37 -0.23 -0.26 24 0 0
146.39 43.37 22 -0.20 1.37 -1.17 0.32 0.69 -0.51 24 0 0
148.13 43.80 34 0.97 0.23 -1.20 0.14 -0.04 -0.19 24 0 0
147.63 43.08 53 0.13 0.92 -1.05 0.49 0.16 -0.45 24 0 0
147.96 43.87 33 5.42 -2.01 -3.41 3.73 6.50 -3.06 26 0 0
146.86 43.38 54 3.04 -2.03 -1.00 4.67 1.31 -5.52 23 0 0
148.74 42.98 36 4.32 -1.85 -2.46 -1.89 1.76 -2.00 23 0 0
146.94 43.43 21 2.34 1.17 -3.51 3.15 -0.16 -4.44 23 0 0
147.24 43.23 49 3.86 0.51 -4.36 4.63 -0.67 -3.50 23 0 0
147.32 43.70 83 0.95 2.92 -3.87 4.50 4.42 2.22 24 0 0
147.85 43.17 34 0.77 6.18 -6.95 3.84 4.32 -1.10 23 0 0
146.97 43.02 55 6.80 0.40 -7.20 8.52 7.77 -3.64 23 0 0
147.86 43.77 37 9.32 -2.95 -6.36 3.20 5.93 -5.89 23 0 0
146.64 42.94 61 4.08 2.62 -6.70 -0.54 0.04 -1.89 23 0 0
147.40 43.59 32 -3.54 1.10 2.44 2.33 -2.89 0.44 23 0 0
147.19 43.45 66 1.88 1.60 -3.48 0.68 -3.87 0.60 23 0 0
147.24 43.41 61 2.32 0.31 -2.63 3.53 2.87 -2.17 24 0 0
147.05 43.14 51 4.67 -2.40 -2.26 3.21 3.59 -4.95 23 0 0
147.60 42.74 52 3.50 3.48 -6.98 7.47 -7.25 -9.30 23 0 0
147.51 43.90 54 1.84 0.36 -2.20 -1.18 0.40 -2.18 24 0 0
147.99 43.95 31 1.63 -1.55 -0.08 3.85 2.62 -1.11 23 0 0
142.42 38.34 52 -3.71 0.13 3.58 -1.27 -5.24 2.62 23 0 0
147.26 43.33 26 3.47 -2.93 -0.54 3.55 -4.07 -3.97 23 0 0
139.90 37.12 22 0.22 0.87 -1.08 -0.01 0.23 0.32 24 0 0
148.07 44.07 15 2.92 -0.08 -2.84 -0.51 2.67 -2.20 23 0 0
142.99 40.56 28 1.73 0.13 -1.87 1.78 4.16 -0.43 27 0 0
143.09 40.10 31 1.12 0.18 -1.29 0.86 1.38 -0.37 25 0 0
143.74 40.32 15 0.78 0.00 -0.78 0.96 2.29 -0.30 25 0 0
142.42 40.66 61 1.32 0.07 -1.39 0.76 1.11 -0.46 24 0 0
143.52 40.08 31 1.50 0.41 -1.92 4.14 3.79 -0.23 23 0 0
142.85 40.22 34 6.22 0.57 -6.79 4.10 6.17 -2.32 24 0 0
140.72 35.69 56 3.98 -1.27 -2.71 3.38 1.66 -0.23 23 0 0
143.65 40.73 15 1.39 -0.02 -1.37 2.11 4.62 -0.30 25 0 0
142.67 40.06 15 1.91 -0.23 -1.68 5.08 3.22 -1.95 23 0 0
144.08 40.56 33 2.26 0.40 -2.66 2.48 5.03 -0.38 23 0 0
143.76 40.25 27 3.65 0.96 -4.61 1.34 9.89 -1.33 23 0 0
147.83 43.36 60 4.71 -1.79 -2.91 3.26 4.75 -5.77 23 0 0
143.66 39.24 33 4.39 -0.51 -3.88 1.95 5.79 -1.16 23 0 0
143.47 39.21 30 1.09 1.03 -2.12 -0.01 5.44 -2.20 23 0 0
143.72 39.05 15 5.17 0.49 -5.66 6.26 8.92 -1.27 23 0 0
142.41 40.33 48 2.06 0.05 -2.11 1.07 2.33 -0.43 26 0 0
142.62 40.34 51 8.14 0.72 -8.86 5.09 6.75 -2.59 24 0 0
144.01 40.16 38 4.44 0.11 -4.55 4.25 3.24 -0.75 23 0 0
141.61 35.91 22 4.78 0.28 -5.06 3.49 7.18 -2.65 24 0 0
142.79 41.92 51 1.63 -0.23 -1.39 1.04 1.52 -0.93 24 0 0
147.12 43.85 51 5.88 -4.34 -1.54 6.41 -2.70 -4.88 24 0 0
147.15 43.19 42 0.57 2.45 -3.02 0.99 0.65 0.47 24 0 0
142.94 39.55 30 0.17 0.25 -0.42 -0.27 1.13 -0.13 24 0 0
134.99 34.78 20 0.61 1.90 -2.51 -0.69 -0.22 -0.57 26 0 0
147.16 43.32 43 0.89 2.11 -3.00 -1.00 0.89 -0.64 24 0 0
147.05 43.34 65 9.71 -4.70 -5.00 6.56 7.08 -7.86 23 0 0
143.85 40.62 29 0.73 -0.10 -0.63 0.69 1.28 -0.34 24 0 0
146.85 43.35 70 1.75 -1.02 -0.73 1.96 0.88 -1.01 25 0 0
148.29 44.00 48 1.79 -0.36 -1.43 0.30 1.43 -1.57 24 0 0
142.41 41.15 48 2.33 -0.15 -2.17 1.11 2.43 -0.69 24 0 0
148.26 44.06 30 6.12 -2.00 -4.11 3.07 4.62 -4.09 24 0 0
145.77 46.61 353 0.99 0.22 -1.21 0.48 -1.23 -0.93 24 0 0
143.70 39.85 15 0.84 0.08 -0.92 0.66 1.83 -0.30 25 0 0
143.42 39.95 15 0.51 0.17 -0.69 0.59 1.29 -0.16 25 0 0
143.31 46.10 355 0.28 2.34 -2.62 0.25 -1.65 -2.07 24 0 0
142.09 39.44 46 3.64 -1.01 -2.63 0.78 4.53 0.19 23 0 0
148.44 44.08 44 7.01 -2.70 -4.31 2.15 4.13 -5.04 24 0 0
143.62 40.04 34 5.55 -1.18 -4.37 2.78 2.50 -1.71 23 0 0
147.54 42.99 48 3.00 -0.19 -2.81 0.62 2.60 -2.58 23 0 0
137.32 44.79 330 -1.81 2.87 -1.07 2.94 0.33 -4.17 24 0 0
135.11 38.16 366 -0.16 0.38 -0.22 -0.30 -2.04 -0.41 25 0 0
139.30 37.83 16 1.16 0.09 -1.25 -0.65 -0.49 -0.14 24 0 0
130.26 30.26 28 -4.19 3.16 1.03 2.40 0.41 -1.27 23 0 0
146.97 43.53 55 6.19 2.25 -8.44 4.11 -3.34 0.51 23 0 0
147.09 43.86 52 3.20 -1.35 -1.84 0.20 -8.09 -1.74 23 0 0
148.37 44.07 36 3.46 -1.31 -2.15 0.96 3.22 -2.25 24 0 0
143.79 40.32 30 4.24 -1.16 -3.08 2.14 5.92 0.25 23 0 0
148.25 43.98 34 1.76 -0.57 -1.19 0.90 1.85 -1.01 26 0 0
148.49 44.11 52 1.59 -0.62 -0.96 0.40 1.13 -0.81 25 0 0
148.19 43.99 31 4.03 -1.29 -2.73 1.73 3.42 -1.55 23 0 0
147.21 43.12 48 6.51 -1.33 -5.18 3.60 5.43 -5.20 23 0 0
147.98 43.78 35 4.68 -2.03 -2.65 -0.58 -0.35 -2.46 23 0 0
147.55 44.29 101 -0.18 0.50 -0.32 1.59 1.50 -0.18 24 0 0
141.34 43.87 15 2.70 0.22 -2.92 -1.17 -0.05 0.72 24 0 0
147.65 43.83 60 0.65 -1.01 0.36 0.52 -2.13 -1.91 24 0 0
143.57 40.27 22 1.74 0.11 -1.85 0.31 2.94 -0.60 24 0 0
141.60 32.35 33 2.59 -0.20 -2.39 -1.15 5.26 1.13 23 0 0
146.98 43.58 63 -3.48 2.43 1.05 2.64 1.57 -0.08 23 0 0
147.45 43.96 90 0.15 -0.37 0.22 3.26 -4.32 -5.51 23 0 0
139.44 35.10 127 0.91 2.02 -2.93 -8.05 -2.23 -1.26 23 0 0
137.11 33.89 348 4.50 -0.36 -4.14 2.29 -8.00 2.05 24 0 0
143.60 39.64 15 3.70 0.46 -4.16 4.04 8.35 -0.75 24 0 0
148.54 44.11 38 9.73 0.17 -9.90 1.07 4.73 -7.45 23 0 0
138.32 30.35 445 -0.54 1.18 -0.64 0.58 -1.99 -0.93 24 0 0
140.46 35.75 40 9.44 -7.78 -1.66 1.56 3.62 -4.44 23 0 0
147.53 44.35 61 -0.91 0.42 0.50 -0.68 -1.32 0.56 24 0 0
147.79 43.15 27 3.62 -0.23 -3.39 4.42 9.27 -1.53 23 0 0
144.28 39.18 27 -6.98 5.56 1.41 2.24 -1.36 1.09 23 0 0
143.96 42.84 123 -3.06 2.58 0.47 5.68 0.12 -1.60 23 0 0
142.53 41.05 60 8.21 -1.49 -6.72 2.74 4.87 -4.12 23 0 0
143.78 41.70 39 5.31 -1.02 -4.29 0.86 5.13 -3.77 24 0 0
139.00 33.89 39 -0.94 -4.74 5.68 -1.68 5.67 1.55 24 0 0
142.06 38.47 68 6.13 3.81 -9.94 6.58 5.16 -5.49 23 0 0
133.41 31.48 29 -4.71 0.54 4.16 0.59 -0.09 0.84 23 0 0
143.69 40.35 18 1.21 0.14 -1.35 0.62 1.70 -0.31 24 0 0
145.74 44.23 147 6.76 0.60 -7.36 -0.33 -6.81 -3.60 24 0 0
145.47 42.64 15 1.19 0.69 -1.88 1.90 4.74 -2.41 23 0 0
141.06 33.06 53 3.34 1.70 -5.03 -2.15 -0.91 -0.53 23 0 0
145.63 42.88 15 0.07 0.19 -0.26 1.09 1.00 0.23 24 0 0
142.50 40.65 34 2.72 2.35 -5.07 6.14 1.01 -5.11 23 0 0
143.76 40.67 22 1.79 0.20 -1.99 1.31 2.73 -0.56 25 0 0
140.19 31.00 98 6.16 -4.02 -2.14 -2.20 -7.88 4.91 23 0 0
143.71 40.81 22 1.79 -0.02 -1.77 1.14 2.70 -0.67 24 0 0
148.07 44.56 63 3.85 -0.37 -3.48 -0.37 1.33 -2.95 23 0 0
142.52 40.15 55 0.75 0.38 -1.13 0.36 0.89 -0.57 24 0 0
135.79 36.07 352 -5.37 6.24 -0.86 -2.38 2.54 -1.23 23 0 0
146.33 44.79 170 0.07 1.71 -1.79 0.85 -0.84 -0.78 25 0 0
136.55 35.90 44 2.90 1.52 -4.42 4.30 -0.28 -1.63 23 0 0
142.31 37.32 40 -0.34 4.22 -3.88 9.74 8.03 -0.86 25 0 0
142.77 40.60 35 3.04 1.17 -4.20 1.05 9.50 1.33 23 0 0
148.56 45.29 130 -0.81 0.98 -0.17 3.10 1.62 -0.02 25 0 0
139.14 35.43 18 1.45 0.09 -1.54 1.60 1.78 -0.19 24 0 0
148.00 43.56 20 0.66 -0.32 -0.34 0.72 1.18 -0.37 25 0 0
147.01 43.33 34 0.24 0.21 -0.45 1.05 2.41 -0.38 24 0 0
141.39 39.20 85 3.55 2.99 -6.54 -4.92 -7.74 3.44 23 0 0
132.01 31.55 24 7.17 -2.49 -4.67 2.35 3.20 -3.72 23 0 0
147.29 43.04 46 3.10 -0.48 -2.61 2.10 1.18 1.37 23 0 0
147.69 43.67 55 1.14 0.10 -1.24 1.28 0.70 -0.87 25 0 0
142.02 36.57 28 3.63 1.13 -4.76 3.97 4.58 -1.10 23 0 0
148.29 42.89 31 0.42 0.45 -0.87 2.03 0.56 -1.10 24 0 0
142.84 39.97 45 1.67 0.61 -2.28 1.08 -0.74 -2.82 23 0 0
143.00 40.73 16 5.95 -0.95 -5.00 6.05 2.03 2.39 23 0 0
140.53 38.95 15 8.13 1.66 -9.79 -1.43 -2.64 0.56 24 0 0
140.55 39.27 15 1.43 0.22 -1.65 -0.39 -0.87 0.13 24 0 0
140.81 39.04 15 1.02 2.89 -3.91 -0.98 -1.49 -0.33 24 0 0
140.45 38.85 15 1.62 3.60 -5.22 5.11 -7.98 -2.33 23 0 0
141.48 35.93 15 5.38 0.80 -6.18 -2.37 -1.08 -1.88 23 0 0
142.74 40.08 33 3.06 -0.52 -2.53 0.77 5.18 0.20 23 0 0
140.06 31.48 24 4.88 -2.28 -2.60 -0.65 -1.44 -0.85 24 0 0
130.81 30.52 26 -5.06 2.40 2.67 -1.41 -0.93 -1.00 24 0 0
141.01 35.69 38 -1.45 1.57 -0.12 -0.14 1.02 -0.73 25 0 0
141.65 32.35 23 3.11 0.63 -3.74 -0.49 1.58 -0.14 24 0 0
141.70 32.39 34 1.13 0.30 -1.43 -0.13 0.88 0.01 24 0 0
140.05 33.87 51 -2.99 3.96 -0.96 -2.29 6.44 1.33 23 0 0
148.48 44.11 44 1.13 -0.36 -0.77 0.42 0.46 -0.86 24 0 0
130.55 30.40 26 2.11 1.52 -3.63 1.83 4.28 -2.42 23 0 0
131.29 30.47 22 5.31 -1.82 -3.50 6.64 5.37 -2.33 25 0 0
137.33 33.63 340 1.01 0.39 -1.41 -0.27 -2.29 -0.26 24 0 0
131.89 31.82 39 1.24 -0.15 -1.09 0.97 1.11 -0.65 24 0 0
131.84 31.73 24 2.71 -0.61 -2.10 1.85 2.38 -1.52 24 0 0
131.78 31.78 22 8.14 -2.84 -5.30 8.05 8.69 -3.59 25 0 0
131.89 31.72 41 1.63 -0.37 -1.26 1.48 0.91 -0.73 24 0 0
147.29 43.59 40 1.19 -0.26 -0.93 0.27 0.55 -0.89 24 0 0
138.63 41.69 220 2.38 -1.71 -0.67 -1.52 -6.33 -9.34 23 0 0
147.17 43.21 49 4.47 2.14 -6.62 7.59 5.11 -5.30 23 0 0
139.52 34.82 15 -1.12 -3.48 4.60 0.02 2.10 -0.53 23 0 0
122.91 31.91 22 0.12 2.46 -2.59 -0.48 -0.28 0.73 24 0 0
130.75 30.55 51 8.87 -0.62 -8.25 4.43 7.63 -6.28 23 0 0
141.17 34.46 37 -0.39 1.98 -1.59 -0.15 0.06 -0.04 25 0 0
140.38 34.78 54 -2.12 0.18 1.94 1.50 -0.60 -1.42 24 0 0
131.72 31.76 33 7.65 -2.17 -5.48 6.05 7.58 -3.14 25 0 0
139.43 37.48 144 0.80 1.24 -2.04 -0.99 -2.45 1.38 24 0 0
141.79 33.88 15 1.04 0.42 -1.46 0.02 0.90 -0.03 24 0 0
131.60 31.44 29 3.72 0.10 -3.82 2.13 5.60 -5.59 23 0 0
139.87 36.05 60 1.56 -1.15 -0.41 0.90 1.15 -0.65 24 0 0
138.78 43.29 245 -3.32 4.34 -1.02 5.01 1.98 -1.27 25 0 0
145.36 43.13 97 -1.73 -1.58 3.31 3.65 5.58 -0.24 23 0 0
131.69 31.69 54 1.10 0.07 -1.17 0.56 0.85 -0.75 24 0 0
141.22 37.21 96 -0.45 -0.37 0.82 1.08 1.59 -0.42 24 0 0
143.22 41.70 51 7.94 -1.77 -6.17 3.51 7.66 -4.16 24 0 0
148.08 43.95 37 4.99 -1.48 -3.50 1.80 3.39 -3.27 24 0 0
139.21 34.93 15 0.55 1.64 -2.19 0.73 1.49 -1.49 24 0 0
137.34 34.92 38 -2.31 0.83 1.47 2.04 -0.40 -1.59 24 0 0
140.14 36.03 71 4.36 0.06 -4.42 -1.34 5.24 -0.87 23 0 0
130.09 32.04 30 -0.23 0.62 -0.40 0.05 0.04 1.69 25 0 0
130.17 31.82 15 -0.20 0.38 -0.18 0.83 0.58 1.58 24 0 0
131.66 33.55 46 -3.36 1.17 2.19 -2.57 3.65 -1.15 23 0 0
130.11 32.35 33 -1.12 2.39 -1.27 -1.44 0.95 4.31 23 0 0
140.91 37.09 58 3.09 3.28 -6.36 4.00 3.85 -5.33 24 0 0
130.26 32.00 16 -0.13 0.60 -0.47 0.24 -0.43 1.21 25 0 0
137.41 34.55 17 -1.30 1.27 0.03 -3.40 -3.38 0.58 24 0 0
142.11 33.76 15 -6.94 0.11 6.83 -2.93 -4.63 -3.42 23 0 0
143.67 43.10 99 0.35 3.43 -3.78 8.16 -2.31 2.04 23 0 0
141.53 31.35 15 3.66 -0.07 -3.59 2.91 9.44 0.37 23 0 0
131.35 34.43 15 -0.53 6.54 -6.01 2.38 0.63 -0.64 24 0 0
144.46 42.41 82 -1.89 1.89 0.00 5.67 -0.15 0.63 23 0 0
140.09 35.40 70 5.05 0.34 -5.38 -0.13 1.92 -1.50 23 0 0
146.47 43.19 34 1.05 -0.11 -0.94 0.06 1.28 -0.77 25 0 0
139.22 35.37 80 1.93 0.76 -2.69 -4.11 0.03 -0.72 23 0 0
133.36 35.12 15 -0.35 6.28 -5.93 -0.90 -4.49 -4.15 23 0 0
140.16 35.44 110 3.70 -5.94 2.24 2.50 4.83 0.60 23 0 0
142.06 31.83 15 1.45 0.08 -1.53 -0.01 1.46 0.14 25 0 0
141.90 31.74 15 8.46 0.12 -8.58 -1.11 4.28 0.90 23 0 0
145.28 42.34 15 3.35 0.03 -3.38 2.34 5.19 -3.14 23 0 0
145.44 41.76 16 3.39 -1.00 -2.39 2.43 6.06 -2.65 24 0 0
145.58 41.71 15 4.89 -1.54 -3.35 2.47 9.77 -3.91 23 0 0
145.39 41.64 15 0.79 -0.35 -0.44 0.33 1.62 -0.28 24 0 0
138.78 41.95 42 1.64 0.01 -1.65 -0.19 -0.51 -0.38 24 0 0
138.34 34.51 27 3.88 -1.59 -2.29 6.32 -3.15 0.78 23 0 0
142.07 38.70 34 5.59 0.20 -5.78 4.21 8.57 -4.51 23 0 0
145.60 41.73 31 6.50 -1.91 -4.59 1.65 5.11 -3.44 23 0 0
146.40 44.83 161 -1.03 2.26 -1.22 -0.14 -1.49 0.91 24 0 0
140.50 39.27 126 1.85 -3.03 1.18 0.14 -0.55 -0.40 24 0 0
140.63 31.27 63 0.32 -0.04 -0.28 -0.09 -1.87 -0.41 25 0 0
145.07 43.82 157 0.11 0.08 -0.19 1.36 0.46 -0.10 25 0 0
143.22 40.50 90 -0.83 3.37 -2.54 4.51 1.49 -3.41 23 0 0
138.58 40.04 15 3.16 -0.41 -2.75 0.05 0.73 -0.88 24 0 0
145.81 46.96 401 -1.17 0.61 0.56 -0.81 -1.72 0.22 24 0 0
141.79 37.69 84 -1.15 0.25 0.91 0.08 0.55 0.15 24 0 0
147.05 43.19 58 -4.11 0.11 4.00 0.57 3.79 -2.20 23 0 0
142.44 40.10 43 1.01 0.10 -1.11 0.37 0.92 -0.41 24 0 0
145.16 42.70 77 3.26 -1.43 -1.83 0.05 2.73 -4.59 23 0 0
147.40 43.77 51 3.12 -1.76 -1.36 -0.93 0.31 -1.67 24 0 0
142.21 41.82 81 5.57 -3.97 -1.60 3.85 0.40 0.19 24 0 0
146.09 42.89 60 1.43 2.60 -4.03 -3.40 -3.22 -1.06 23 0 0
142.73 41.91 55 3.86 -1.51 -2.34 2.76 3.83 -2.54 23 0 0
138.56 37.33 30 4.99 -1.32 -3.67 -0.40 0.50 -1.78 23 0 0
138.18 33.40 294 -0.29 1.70 -1.41 -0.31 -3.09 -2.33 24 0 0
142.26 37.11 32 3.45 -0.90 -2.55 2.53 -0.15 -2.12 23 0 0
141.28 36.29 35 1.24 0.17 -1.41 0.54 1.32 -0.58 24 0 0
141.32 37.13 117 -3.68 1.35 2.34 -0.67 3.12 -0.21 23 0 0
144.70 42.95 91 -2.79 2.27 0.52 -3.43 1.80 -1.50 23 0 0
141.06 36.95 89 -1.45 1.86 -0.42 0.68 1.12 0.23 24 0 0
136.44 35.25 47 7.32 0.82 -8.14 -0.27 -0.42 -0.47 23 0 0
146.71 43.33 42 7.48 2.51 -9.98 3.81 -0.39 -2.31 23 0 0
142.13 30.90 15 2.42 0.17 -2.59 0.47 1.27 0.28 24 0 0
139.26 34.74 34 0.34 1.19 -1.52 0.43 -0.18 -2.12 24 0 0
142.01 30.94 19 0.82 0.18 -1.00 0.06 0.25 -0.01 24 0 0
143.49 40.28 25 0.82 0.09 -0.90 0.63 1.51 -0.23 24 0 0
143.51 40.18 19 5.13 0.30 -5.43 3.40 7.60 -1.80 24 0 0
142.83 36.37 40 3.67 0.19 -3.86 3.09 3.93 -3.81 23 0 0
131.88 33.63 86 0.67 -0.97 0.31 0.05 1.76 -0.83 24 0 0
143.60 39.11 15 0.79 -0.01 -0.78 0.49 1.64 -0.33 25 0 0
143.58 39.19 18 4.50 0.25 -4.75 4.83 6.15 -1.32 23 0 0
136.24 34.04 405 0.91 2.83 -3.74 0.62 -5.84 1.05 24 0 0
140.72 35.34 23 -2.45 0.60 1.86 2.12 2.94 1.04 24 0 0
140.05 32.16 101 0.41 -1.82 1.41 -0.06 0.60 1.35 24 0 0
138.84 30.50 404 -3.52 2.92 0.60 2.84 -3.77 -0.22 23 0 0
137.51 36.33 15 0.22 -0.31 0.09 -0.43 -0.62 -1.67 24 0 0
141.87 37.25 34 7.65 -0.29 -7.36 0.93 8.33 -3.58 23 0 0
139.98 35.56 50 -4.77 9.91 -5.14 -0.45 6.43 5.80 23 0 0
140.77 39.91 15 4.87 0.79 -5.66 -1.62 1.32 -3.35 24 0 0
143.68 39.92 17 1.12 0.03 -1.15 0.84 1.53 -0.35 24 0 0
142.11 33.28 15 2.48 0.42 -2.90 -0.18 0.44 -0.30 24 0 0
147.78 42.92 33 3.72 -0.45 -3.28 5.03 2.74 -1.28 23 0 0
141.36 37.96 72 -7.39 0.94 6.46 -1.08 4.51 0.76 23 0 0
140.81 31.45 53 2.36 0.16 -2.52 -0.65 5.09 2.55 23 0 0
142.74 42.26 36 -3.66 5.64 -1.98 2.09 4.19 -7.04 23 0 0
137.45 30.93 454 0.17 -0.09 -0.07 0.35 -1.73 0.31 24 0 0
131.54 31.17 27 4.35 -1.01 -3.34 7.92 7.44 -2.81 24 0 0
141.60 35.86 34 3.56 -1.34 -2.22 1.29 7.13 -2.14 23 0 0
141.33 36.03 27 5.15 -0.76 -4.38 5.40 7.97 -3.16 23 0 0
147.21 44.33 125 -0.09 0.63 -0.54 2.46 0.75 -0.73 24 0 0
148.69 45.12 133 2.68 -9.79 7.11 5.12 9.54 9.24 23 0 0
147.49 43.34 59 2.53 0.69 -3.22 1.89 1.30 -3.81 23 0 0
143.05 38.55 20 3.53 0.08 -3.61 2.14 4.91 -1.73 24 0 0
131.23 30.56 28 -1.37 -0.49 1.86 0.44 3.63 1.85 25 0 0
141.69 37.03 41 8.91 -0.89 -8.01 1.80 6.08 -4.10 23 0 0
146.98 43.28 28 0.70 2.47 -3.17 1.39 2.83 -1.60 24 0 0
147.73 47.47 402 -2.08 1.73 0.35 2.10 -5.55 2.58 24 0 0
143.14 42.29 43 2.28 -1.06 -1.22 1.24 4.34 -2.16 23 0 0
131.75 30.70 27 -0.21 -4.28 4.49 6.48 0.81 0.99 23 0 0
142.25 35.37 15 1.10 -0.01 -1.09 0.56 1.28 -0.35 24 0 0
142.16 35.22 17 5.54 -1.18 -4.36 2.13 5.70 -3.71 23 0 0
139.65 39.12 17 7.32 -0.25 -7.07 -4.85 -3.37 -1.73 23 0 0
141.85 35.40 15 3.13 0.34 -3.47 -0.04 7.75 -2.36 24 0 0
146.07 43.04 42 -2.65 4.34 -1.69 -2.13 -2.96 0.08 23 0 0
143.41 41.02 27 4.37 -0.42 -3.95 3.78 6.39 -2.37 24 0 0
141.46 33.59 16 6.07 -0.87 -5.20 2.58 8.88 -0.65 23 0 0
140.69 36.21 15 6.11 -0.00 -6.10 1.53 4.89 -1.47 23 0 0
130.47 43.66 575 1.49 -1.16 -0.33 -0.07 -4.55 -1.89 26 0 0
140.73 36.15 62 7.14 0.43 -7.57 0.63 5.63 -5.67 23 0 0
143.70 43.12 96 -1.12 2.07 -0.96 1.82 -0.10 -0.12 25 0 0
141.53 31.98 15 6.14 -1.32 -4.82 -4.80 8.28 -2.65 23 0 0
146.41 42.44 66 1.61 4.02 -5.63 5.21 0.91 -3.01 23 0 0
141.58 31.83 25 4.23 -1.27 -2.96 1.19 5.41 1.93 23 0 0
146.43 43.91 80 4.31 -3.49 -0.82 2.80 2.08 -2.20 23 0 0
147.43 43.30 63 2.39 0.29 -2.68 2.44 0.70 -4.40 23 0 0
140.88 35.90 53 5.51 0.93 -6.44 1.56 3.84 -0.89 23 0 0
146.87 43.12 49 1.35 -3.18 1.83 5.93 1.75 -1.48 23 0 0
142.02 41.14 123 0.71 1.52 -2.23 1.53 -2.97 -1.65 24 0 0
144.82 39.91 39 -4.91 -2.66 7.57 -2.12 -3.01 0.60 23 0 0
135.43 34.03 67 -0.22 1.08 -0.86 0.76 -2.34 -1.59 24 0 0
143.17 41.16 29 2.54 -0.68 -1.86 4.75 7.73 -3.78 23 0 0
140.04 35.60 74 1.05 0.22 -1.27 0.07 0.52 -0.03 24 0 0
148.89 44.33 42 3.90 -2.28 -1.62 -0.02 2.34 -1.67 23 0 0
143.31 40.22 25 1.98 0.39 -2.37 1.60 2.68 -0.99 24 0 0
141.40 36.46 34 2.65 -0.81 -1.84 -2.35 8.08 -1.21 23 0 0
143.02 41.33 74 2.18 -1.82 -0.37 -0.57 -1.64 1.31 23 0 0
142.30 31.98 15 -4.83 -0.20 5.03 -0.71 0.15 0.93 24 0 0
144.68 39.46 24 -0.58 0.28 0.30 0.51 1.47 0.35 24 0 0
141.63 34.66 48 -0.81 4.85 -4.04 0.92 3.98 3.27 23 0 0
142.51 38.39 48 3.11 0.31 -3.42 -0.64 1.27 -1.49 24 0 0
134.61 37.32 384 0.80 0.37 -1.17 -0.52 -2.02 0.96 24 0 0
142.04 37.21 34 6.97 0.95 -7.92 2.30 9.38 -4.09 23 0 0
123.11 40.36 15 -0.48 3.39 -2.91 3.75 -0.41 1.53 23 0 0
130.84 30.03 31 0.03 -0.31 0.27 0.05 -0.75 -1.49 24 0 0
142.16 31.99 24 2.80 4.77 -7.57 3.91 1.92 -4.78 23 0 0
146.81 43.08 50 0.51 0.60 -1.10 1.34 0.63 -0.91 26 0 0
148.02 42.98 99 2.38 -1.68 -0.70 -1.19 -4.89 -2.77 23 0 0
141.88 31.08 20 7.05 1.60 -8.65 -8.65 8.82 -2.64 23 0 0
131.64 42.77 524 -1.04 8.39 -7.36 -1.01 -5.34 -5.50 24 0 0
141.84 31.05 15 6.51 2.53 -9.04 2.26 4.52 1.58 23 0 0
145.20 37.21 16 -1.36 1.31 0.05 0.10 -0.03 -0.05 24 0 0
141.98 38.13 72 -4.96 2.86 2.11 1.94 9.13 2.75 23 0 0
141.93 31.71 15 -0.40 0.09 0.31 0.02 -1.51 0.37 24 0 0
146.55 43.48 58 -4.36 0.92 3.44 0.03 -1.53 -2.76 23 0 0
142.34 39.68 48 3.15 1.87 -5.02 -0.52 -0.08 -1.70 23 0 0
134.82 33.88 35 -2.11 2.82 -0.71 -1.09 -1.97 -2.82 23 0 0
135.33 35.73 358 -1.77 1.15 0.62 0.89 0.61 1.03 24 0 0
143.43 40.46 17 4.88 0.89 -5.77 5.76 6.93 -1.38 23 0 0
143.28 40.19 45 0.62 0.12 -0.74 0.40 1.00 -0.26 24 0 0
143.73 40.10 49 1.77 -0.10 -1.66 0.34 1.57 -0.36 24 0 0
143.75 40.29 15 0.51 0.06 -0.57 0.71 1.11 -0.30 24 0 0
143.65 41.08 28 2.40 1.07 -3.47 4.80 4.30 -1.41 23 0 0
140.87 35.52 48 1.30 0.15 -1.45 -0.19 1.19 -0.25 25 0 0
135.44 36.86 28 5.80 1.65 -7.45 -2.03 -2.91 -3.11 24 0 0
137.96 30.41 485 -3.06 4.59 -1.54 0.11 -2.64 2.03 24 0 0
137.79 30.47 492 -2.02 1.71 0.31 -0.59 -0.63 1.71 25 0 0
131.55 31.06 23 6.71 -0.65 -6.07 6.48 9.25 -2.74 24 0 0
139.21 34.12 15 0.80 6.00 -6.80 1.90 1.35 -6.04 23 0 0
139.27 33.52 15 -0.18 -0.58 0.76 -0.58 -5.80 -6.02 23 0 0
138.94 34.25 15 -5.32 -2.70 8.03 -5.97 -6.19 -0.78 23 0 0
139.59 33.86 34 -0.11 -0.52 0.63 -0.00 -0.30 -1.78 24 0 0
139.34 34.21 15 0.06 0.80 -0.86 -2.96 0.20 -9.75 23 0 0
139.42 34.15 15 0.21 0.90 -1.10 -1.18 -0.75 -4.32 23 0 0
139.47 33.81 15 -0.48 -0.40 0.89 -0.20 0.26 -2.28 24 0 0
141.73 37.30 45 0.94 0.17 -1.11 0.17 0.86 -0.66 24 0 0
139.24 34.15 15 -0.50 0.20 0.30 0.11 0.01 -1.79 25 0 0
138.85 33.90 15 0.11 5.69 -5.80 7.38 -6.22 -3.00 23 0 0
139.45 34.04 15 -0.49 1.98 -1.49 1.09 -0.34 -2.87 24 0 0
138.98 33.78 15 -1.31 -2.69 4.01 6.74 1.15 -3.69 23 0 0
139.58 33.97 15 -1.21 0.99 0.22 0.47 0.05 -3.21 23 0 0
131.75 31.04 44 8.11 1.82 -9.94 5.41 5.49 -4.97 23 0 0
139.34 34.18 15 -0.99 0.28 0.70 -1.01 0.56 -0.80 24 0 0
147.04 43.14 72 -0.52 1.43 -0.91 0.35 0.08 -0.33 24 0 0
139.04 33.92 15 -0.22 5.11 -4.90 2.47 -4.32 -7.13 23 0 0
142.29 35.93 15 -0.31 1.37 -1.05 0.15 0.14 -0.49 24 0 0
139.31 34.11 15 -5.20 2.48 2.72 2.42 4.52 -2.13 23 0 0
139.22 34.08 15 -1.65 4.41 -2.76 -0.23 0.58 -8.50 23 0 0
138.76 34.05 15 -1.80 4.71 -2.91 6.90 1.19 -8.34 23 0 0
144.41 39.12 15 -4.07 1.21 2.86 4.50 5.16 -1.07 23 0 0
139.23 33.94 15 -0.05 0.49 -0.44 0.62 0.07 -1.41 24 0 0
139.20 34.04 15 -2.37 1.26 1.10 0.08 0.58 -6.81 24 0 0
145.59 46.83 361 -2.46 4.43 -1.97 -2.55 -4.17 1.96 24 0 0
139.14 33.94 15 -0.01 3.48 -3.46 3.11 1.64 -7.59 23 0 0
138.91 34.08 15 -1.03 4.75 -3.72 -0.32 1.99 -1.72 23 0 0
139.06 33.98 15 -0.55 1.14 -0.58 4.63 2.07 -4.40 23 0 0
139.09 34.19 15 -1.21 4.89 -3.68 1.15 1.22 -6.85 23 0 0
139.16 34.13 15 -5.82 3.84 1.99 6.00 2.51 -7.19 23 0 0
139.25 34.04 15 -3.21 3.16 0.05 2.81 0.31 -6.27 23 0 0
139.69 34.09 15 -0.22 0.11 0.11 -0.74 0.47 -1.26 24 0 0
139.09 34.15 16 -1.07 0.78 0.29 0.64 -0.07 -0.99 24 0 0
139.31 34.29 20 -0.10 -0.73 0.83 -0.13 0.23 -1.11 25 0 0
143.05 38.82 18 5.80 1.74 -7.55 5.35 8.42 -2.68 23 0 0
139.19 34.01 15 -7.81 0.92 6.89 1.91 7.65 -5.14 23 0 0
139.33 34.04 15 -1.82 4.09 -2.27 0.61 -1.00 -7.97 23 0 0
141.16 36.41 46 8.24 -2.52 -5.72 4.48 5.65 -5.59 24 0 0
140.66 35.13 16 0.90 -2.18 1.28 3.17 2.58 -0.01 24 0 0
139.02 33.86 15 -1.93 -0.05 1.99 5.05 0.86 -7.79 23 0 0
138.90 34.81 15 -5.27 1.82 3.44 -1.45 0.48 -2.81 23 0 0
138.93 34.01 15 -0.57 0.18 0.39 0.27 -0.34 -1.09 24 0 0
139.12 34.11 15 -2.24 0.04 2.20 0.20 0.46 -1.31 24 0 0
139.28 34.22 15 -2.95 1.55 1.40 2.06 3.49 -3.68 23 0 0
139.57 33.94 15 0.74 3.97 -4.72 3.28 -1.13 -5.41 23 0 0
139.06 34.46 15 -4.76 2.45 2.31 -4.23 3.79 -1.89 23 0 0
139.13 33.95 15 -0.47 0.64 -0.17 1.16 -0.82 -2.25 24 0 0
139.02 34.30 15 -1.83 0.78 1.05 0.02 0.39 -1.24 24 0 0
139.25 34.10 15 0.08 0.41 -0.49 0.19 1.19 -0.71 24 0 0
139.55 33.74 15 0.27 0.90 -1.17 0.72 -0.36 -3.67 24 0 0
139.44 33.92 15 -0.09 -2.24 2.34 -0.41 0.96 -5.50 25 0 0
143.57 39.72 25 0.59 0.09 -0.68 0.52 1.25 -0.10 24 0 0
139.76 33.70 15 0.04 2.99 -3.03 2.33 -3.84 -7.31 23 0 0
139.17 33.84 15 -3.10 0.47 2.62 5.85 -1.46 -6.66 23 0 0
131.48 31.09 37 1.60 -0.20 -1.40 1.12 1.73 -0.42 24 0 0
139.01 34.10 15 -0.08 2.29 -2.21 3.18 6.27 -6.62 23 0 0
139.30 34.23 15 -5.67 3.78 1.89 0.60 0.58 -0.63 23 0 0
139.01 34.19 15 -7.29 4.47 2.82 2.03 3.54 -9.45 23 0 0
139.00 34.22 15 -7.49 1.69 5.80 2.67 2.88 -4.42 23 0 0
139.06 33.74 15 -5.39 3.34 2.05 2.76 3.58 -4.37 23 0 0
138.96 34.21 15 -5.66 4.68 0.97 0.81 5.70 -5.49 23 0 0
139.43 33.96 15 -4.25 2.52 1.73 -0.82 6.07 -5.64 23 0 0
139.02 34.55 15 -4.10 -1.11 5.21 -6.47 -2.71 -3.97 23 0 0
146.84 42.55 54 1.77 1.36 -3.13 4.11 1.92 -3.42 24 0 0
139.23 34.12 15 -3.83 1.62 2.22 -2.14 2.23 -1.96 23 0 0
139.51 34.08 15 -1.93 0.04 1.90 0.44 1.79 -3.82 24 0 0
141.59 36.10 31 0.99 -0.03 -0.95 0.49 1.17 -0.69 24 0 0
146.90 43.57 67 2.06 0.38 -2.44 1.48 -0.58 -2.45 24 0 0
139.33 33.91 15 1.49 6.47 -7.96 2.27 -4.41 -7.77 23 0 0
139.97 31.27 15 -3.51 0.69 2.82 1.04 0.44 -0.55 23 0 0
142.66 41.94 43 2.95 -2.64 -0.31 -1.52 -0.17 1.32 23 0 0
139.22 34.38 15 -1.25 0.47 0.78 -2.45 5.06 -2.70 23 0 0
146.94 42.55 61 -0.21 1.29 -1.08 1.55 -0.13 -1.26 24 0 0
139.58 34.10 15 -0.08 -0.24 0.32 -0.21 -0.14 -1.04 24 0 0
143.10 40.67 19 2.02 2.51 -4.53 0.64 7.14 1.74 23 0 0
143.17 39.98 15 0.94 0.28 -1.22 0.70 2.47 -0.70 25 0 0
133.20 35.33 15 -0.12 1.07 -0.94 -0.15 -0.04 -0.62 26 0 0
133.09 34.97 15 0.19 0.83 -1.01 0.13 -0.44 -0.56 24 0 0
133.15 34.94 15 0.77 0.59 -1.36 -3.28 -1.34 -5.46 23 0 0
136.09 34.34 52 0.96 -1.94 0.98 -0.88 0.47 0.09 24 0 0
139.00 44.36 15 4.70 -3.64 -1.06 9.62 0.81 1.13 23 0 0
145.12 42.41 30 5.56 -2.06 -3.50 3.07 7.41 -4.75 24 0 0
145.14 42.29 31 1.84 -1.04 -0.80 0.61 0.90 -2.12 24 0 0
141.33 35.70 33 2.29 0.24 -2.53 1.04 2.87 -1.15 24 0 0
147.14 44.76 141 -0.34 0.18 0.17 1.85 0.59 0.44 25 0 0
148.11 43.67 60 3.55 2.45 -6.00 4.17 2.35 -3.02 24 0 0
139.11 36.89 24 0.82 0.25 -1.07 0.06 -0.37 0.31 24 0 0
134.53 35.46 33 -0.12 0.07 0.05 -0.11 -0.25 -1.03 24 0 0
142.05 30.02 15 0.88 0.04 -0.92 -0.44 1.04 -0.14 24 0 0
142.30 37.06 27 2.31 0.52 -2.83 -1.19 6.78 -1.59 24 0 0
144.54 46.79 396 0.57 0.48 -1.05 1.09 -0.11 -0.56 25 0 0
148.38 44.12 46 9.26 -2.65 -6.61 2.33 6.19 -7.10 24 0 0
132.52 33.97 47 -1.44 -0.50 1.94 0.13 0.70 -0.80 26 0 0
143.64 38.01 16 3.99 -0.09 -3.91 0.41 4.93 -3.28 23 0 0
132.63 34.12 32 -5.91 0.19 5.73 -1.38 3.44 1.01 23 0 0
141.86 40.75 70 -1.58 1.82 -0.24 0.85 0.61 -0.22 24 0 0
137.94 34.91 26 -3.79 -3.88 7.67 7.28 6.04 2.56 23 0 0
141.22 37.13 17 0.57 -0.29 -0.28 0.02 1.27 -0.46 24 0 0
145.64 42.79 37 2.20 -0.64 -1.56 0.56 1.71 -1.92 24 0 0
142.06 30.25 15 -1.09 0.04 1.05 0.14 0.09 0.08 25 0 0
136.61 33.06 411 -3.37 2.47 0.90 -8.40 -1.49 -0.93 23 0 0
132.23 32.87 46 -0.57 -2.47 3.04 -1.00 2.32 1.32 24 0 0
145.70 43.13 71 -5.12 4.53 0.58 6.46 7.16 0.44 24 0 0
147.58 43.88 65 1.13 -0.21 -0.92 0.56 -0.32 -1.49 24 0 0
148.61 44.18 32 8.29 -2.79 -5.51 3.83 9.49 -4.84 25 0 0
147.66 44.35 24 -2.12 -0.79 2.91 5.24 6.18 0.14 23 0 0
148.70 44.43 35 7.89 -1.50 -6.39 1.85 5.48 -5.44 24 0 0
139.37 32.37 22 -0.51 -0.80 1.32 -1.69 -2.18 1.42 24 0 0
140.26 32.47 44 -1.07 0.91 0.16 -0.22 1.23 0.73 24 0 0
139.51 31.94 15 -5.74 -0.86 6.61 2.23 -0.79 0.89 24 0 0
139.61 31.87 17 -2.05 -1.54 3.59 -0.20 1.84 1.28 24 0 0
139.72 32.15 15 -2.22 -0.30 2.52 0.67 0.57 0.33 24 0 0
141.45 36.09 47 2.60 -0.60 -2.00 -0.49 3.44 -0.93 23 0 0
142.46 41.05 44 3.03 -0.06 -2.98 1.90 3.62 -0.99 25 0 0
142.31 41.03 75 4.76 0.62 -5.37 0.61 4.50 -5.58 23 0 0
135.43 35.51 50 2.13 0.48 -2.61 0.85 -0.58 0.56 23 0 0
142.53 47.44 15 6.53 0.23 -6.76 0.26 -2.24 0.65 23 0 0
141.00 36.05 35 4.74 0.09 -4.83 1.77 5.02 -3.65 23 0 0
141.72 36.90 27 -1.96 0.31 1.66 2.96 7.92 0.76 23 0 0
138.77 44.81 293 4.77 1.17 -5.94 2.70 -8.57 -0.59 23 0 0
147.46 42.49 44 0.99 2.72 -3.71 5.78 1.74 -1.74 23 0 0
147.55 43.42 58 3.79 -1.45 -2.33 3.20 -1.52 -2.91 23 0 0
141.12 35.18 15 0.68 1.80 -2.48 7.45 -0.47 2.72 24 0 0
141.84 37.78 37 1.50 -0.07 -1.42 0.48 2.21 -0.61 24 0 0
148.62 46.95 288 -2.69 -0.31 3.00 -1.84 -7.62 -0.30 24 0 0
141.95 34.65 19 5.34 -1.32 -4.02 -3.01 3.71 0.69 23 0 0
139.65 43.79 208 3.24 0.58 -3.82 -7.41 -3.66 0.67 23 0 0
137.56 33.24 363 -1.08 2.85 -1.76 -1.09 -9.91 4.88 23 0 0
147.43 44.41 44 4.28 -2.51 -1.78 5.87 5.93 -3.03 23 0 0
143.44 39.17 27 4.99 0.70 -5.69 -0.93 4.35 -2.76 23 0 0
141.09 39.49 124 -1.22 -0.26 1.48 -0.41 5.45 -0.17 25 0 0
147.85 43.88 70 1.59 0.12 -1.71 0.40 -1.31 -2.15 24 0 0
142.39 39.40 49 1.16 -0.85 -0.32 -0.01 -0.26 -0.27 24 0 0
136.66 45.50 370 -1.82 2.48 -0.67 -6.36 -1.13 -2.87 24 0 0
142.31 45.97 356 0.93 0.33 -1.25 0.52 -1.15 -0.56 24 0 0
140.93 35.90 15 0.44 0.10 -0.54 -0.72 1.01 0.15 24 0 0
141.07 36.60 38 1.60 0.00 -1.60 0.75 1.60 -0.69 24 0 0
142.13 41.31 53 1.46 -0.15 -1.31 0.54 1.29 -0.84 24 0 0
146.93 47.97 454 0.87 -0.13 -0.74 -1.53 -2.18 -0.09 24 0 0
141.71 30.65 16 4.41 0.50 -4.91 0.62 4.58 0.68 24 0 0
142.14 30.55 15 4.89 0.26 -5.15 -0.35 3.46 0.97 24 0 0
147.31 44.89 137 -2.43 1.77 0.66 2.51 2.22 1.26 23 0 0
142.16 41.39 60 2.51 -0.60 -1.91 1.01 1.91 -1.24 24 0 0
142.81 39.99 34 2.29 0.92 -3.20 6.51 4.48 -3.95 23 0 0
140.61 31.77 62 -3.36 0.96 2.39 2.44 -2.67 -1.80 23 0 0
142.33 41.26 79 2.49 -0.97 -1.51 0.24 2.02 -1.19 23 0 0
141.33 38.82 84 2.92 0.79 -3.71 3.96 1.81 -1.43 23 0 0
141.01 39.12 108 -0.24 0.09 0.16 -0.13 -1.13 -0.05 24 0 0
146.71 44.56 146 -0.09 1.31 -1.23 1.31 0.48 -0.48 24 0 0
141.85 41.55 79 2.54 0.62 -3.17 1.56 3.00 -2.34 23 0 0
141.93 36.16 30 5.58 0.05 -5.63 3.91 6.71 -2.32 23 0 0
130.45 43.74 582 5.73 -2.19 -3.54 -1.69 -9.87 -0.97 26 0 0
141.30 30.99 52 3.43 -0.89 -2.54 -1.19 -0.08 -1.35 23 0 0
132.35 30.87 15 -1.57 -0.04 1.61 -0.40 0.12 0.20 24 0 0
142.20 37.25 26 1.68 0.05 -1.73 1.43 2.41 -0.81 24 0 0
147.77 43.75 51 3.08 -0.80 -2.28 0.74 1.32 -2.58 24 0 0
142.42 41.85 69 2.38 -6.01 3.63 -1.80 2.73 -4.02 23 0 0
142.82 41.02 39 3.01 0.40 -3.41 3.55 2.57 -1.22 23 0 0
141.95 31.07 15 1.15 0.10 -1.26 0.01 0.87 0.09 25 0 0
146.13 42.99 33 1.25 -0.49 -0.76 0.54 0.96 -0.77 25 0 0
148.92 44.57 66 5.92 1.31 -7.23 5.41 -0.04 1.59 23 0 0
130.04 44.77 589 0.77 -1.13 0.36 -1.46 -3.68 -1.13 25 0 0
133.27 35.27 15 -1.56 3.07 -1.51 6.52 3.05 -6.78 23 0 0
141.93 31.12 15 2.00 0.22 -2.22 -0.17 1.64 0.16 24 0 0
146.71 44.44 120 -0.22 1.89 -1.67 -3.11 -6.10 0.22 23 0 0
142.69 37.82 28 0.92 0.10 -1.02 0.96 1.64 -0.46 24 0 0
142.25 41.10 48 0.98 -0.02 -0.96 0.62 1.01 -0.38 25 0 0
141.19 36.28 34 1.18 0.02 -1.19 0.66 1.29 -0.49 24 0 0
130.12 30.44 121 -8.83 4.66 4.17 -4.11 -5.14 -6.92 23 0 0
142.14 38.84 44 2.92 -0.12 -2.80 1.80 3.51 -0.93 25 0 0
141.99 39.32 41 0.88 1.63 -2.51 2.29 2.75 -1.21 23 0 0
146.45 47.81 480 1.00 1.68 -2.69 -2.90 -9.90 0.23 26 0 0
145.30 42.49 31 7.91 -2.05 -5.86 6.68 4.46 -5.00 23 0 0
143.92 42.81 90 -0.49 0.35 0.14 1.29 0.09 0.48 24 0 0
142.23 38.83 37 6.88 1.72 -8.60 6.70 7.02 -1.94 23 0 0
141.81 34.27 15 2.10 -0.15 -1.95 0.20 1.08 -0.14 24 0 0
140.66 31.76 68 -7.81 2.72 5.08 2.26 0.94 -3.15 23 0 0
143.41 40.72 54 2.33 -0.12 -2.20 0.94 3.22 -0.06 23 0 0
142.55 40.49 74 3.03 -1.68 -1.35 1.17 2.64 -0.22 23 0 0
137.12 33.78 15 1.39 -0.15 -1.24 0.95 0.78 -0.56 24 0 0
148.22 43.23 27 -0.68 1.24 -0.56 0.39 0.15 0.37 24 0 0
141.13 37.32 65 5.59 -0.88 -4.71 -0.96 -4.09 -1.22 23 0 0
141.73 44.19 227 -2.79 0.87 1.92 6.44 -0.37 -5.50 24 0 0
141.94 37.63 38 3.61 -0.37 -3.24 1.73 3.70 -1.42 24 0 0
140.17 35.93 43 6.98 -4.73 -2.25 1.03 0.46 -0.20 23 0 0
142.98 42.36 99 0.88 -1.09 0.22 4.61 -0.55 2.97 23 0 0
135.51 41.41 383 5.90 -2.42 -3.48 1.57 -4.20 -2.82 23 0 0
142.03 36.20 31 3.49 -0.12 -3.37 1.75 4.14 -1.67 24 0 0
142.26 40.71 46 0.90 -0.11 -0.79 0.63 0.93 -0.51 24 0 0
141.16 36.29 53 2.57 -0.92 -1.65 1.36 0.66 -0.58 23 0 0
147.99 43.67 68 0.42 0.02 -0.45 0.63 0.25 -0.49 25 0 0
140.06 35.42 59 0.12 0.59 -0.71 0.62 0.24 -0.30 24 0 0
140.81 35.62 50 0.80 -0.00 -0.80 0.01 0.92 -0.30 24 0 0
141.57 38.94 61 2.06 0.49 -2.55 -0.75 -3.02 -0.21 26 0 0
147.19 44.44 65 0.37 -2.43 2.06 -1.51 -2.05 -0.36 23 0 0
145.27 42.35 26 3.01 -1.22 -1.79 2.67 5.43 -2.41 24 0 0
135.61 32.81 17 -2.95 2.51 0.44 -3.14 -2.60 -0.37 23 0 0
145.68 42.38 35 0.96 -0.34 -0.63 0.66 0.88 -0.58 24 0 0
141.05 38.37 15 1.78 -0.48 -1.30 -0.09 -0.19 -0.64 24 0 0
141.10 38.52 15 1.53 -0.16 -1.37 -0.04 0.13 -0.16 25 0 0
141.26 38.53 15 0.77 -0.59 -0.19 -0.25 -0.32 0.41 24 0 0
139.23 46.99 477 0.58 0.47 -1.05 0.29 -0.86 -0.72 26 0 0
141.04 38.98 15 4.26 -0.15 -4.11 2.69 -0.73 -0.16 23 0 0
141.40 32.84 59 5.66 -1.56 -4.10 -0.61 2.53 -0.41 23 0 0
146.99 43.24 66 3.50 -1.11 -2.39 2.09 0.51 -0.93 23 0 0
140.29 35.92 61 3.70 -1.25 -2.45 -0.44 1.56 0.65 23 0 0
142.78 41.69 55 1.47 -0.21 -1.26 0.85 1.33 -1.14 24 0 0
132.37 43.38 493 0.02 0.60 -0.62 0.15 -1.24 -1.07 25 0 0
141.22 31.62 47 2.39 -0.22 -2.17 -2.17 -0.11 0.57 23 0 0
148.64 44.14 61 2.76 -0.31 -2.45 0.20 -0.15 -3.43 23 0 0
140.28 35.23 63 1.97 1.04 -3.00 -1.62 0.94 -0.95 24 0 0
135.13 35.27 376 -1.21 0.84 0.37 0.29 0.58 0.77 24 0 0
143.84 42.21 28 0.78 -0.41 -0.37 1.32 2.59 -0.66 28 0 0
143.62 41.75 47 0.81 -0.25 -0.56 0.58 0.86 -0.27 27 0 0
145.19 42.11 55 5.67 -1.80 -3.87 2.04 3.91 -4.04 24 0 0
144.77 41.92 22 0.54 -0.24 -0.29 0.42 0.76 -0.36 25 0 0
144.38 42.51 49 0.79 -0.36 -0.43 0.20 0.64 -0.60 24 0 0
143.61 42.26 64 4.76 -2.18 -2.59 3.14 3.56 -1.30 23 0 0
145.01 42.52 35 1.51 -0.71 -0.80 0.86 1.65 -1.15 24 0 0
145.77 41.82 30 0.85 -0.27 -0.58 0.71 0.89 -0.54 24 0 0
145.22 42.00 41 3.84 -0.77 -3.07 1.94 1.47 -0.82 23 0 0
144.62 42.29 35 2.76 -1.74 -1.02 3.06 3.90 -1.73 25 0 0
144.00 42.44 49 -0.87 1.05 -0.18 0.57 0.38 -0.79 24 0 0
144.59 42.00 36 0.88 0.01 -0.89 0.84 1.32 -0.47 24 0 0
144.04 41.47 23 1.36 -0.11 -1.25 0.76 1.69 -0.74 24 0 0
143.96 41.36 23 0.54 0.05 -0.59 0.48 0.26 -0.33 24 0 0
144.68 42.08 32 0.57 -0.18 -0.38 0.47 0.99 -0.33 24 0 0
144.09 41.24 41 0.57 0.04 -0.62 0.13 0.73 -0.20 24 0 0
143.45 41.87 33 1.23 -0.93 -0.31 5.91 1.52 -1.27 23 0 0
144.99 42.17 43 1.03 -0.50 -0.53 0.96 1.04 -1.02 24 0 0
144.66 42.65 62 3.84 -0.71 -3.13 2.41 2.68 -3.50 23 0 0
144.82 42.48 36 0.59 -0.35 -0.24 0.48 0.86 -0.40 26 0 0
144.87 42.12 26 2.88 -1.81 -1.07 2.55 5.07 -2.68 24 0 0
144.86 42.22 26 1.77 -1.02 -0.74 2.68 4.37 -1.31 24 0 0
143.87 41.56 31 1.02 0.23 -1.25 0.80 2.80 -0.78 24 0 0
144.49 42.06 24 2.99 1.21 -4.20 2.65 4.12 1.23 24 0 0
148.27 43.91 53 1.18 0.28 -1.46 1.06 0.38 -0.52 24 0 0
143.90 41.70 29 0.97 -0.20 -0.78 1.49 2.45 -0.65 24 0 0
144.68 41.13 15 0.46 -0.26 -0.20 0.27 0.94 -0.37 24 0 0
140.17 35.61 70 2.65 -1.18 -1.47 -4.39 1.73 5.89 23 0 0
144.37 41.78 40 2.92 -1.12 -1.80 1.53 3.39 -1.83 23 0 0
145.46 42.62 86 0.29 -0.90 0.61 4.27 1.35 -1.39 23 0 0
147.79 43.77 79 1.66 0.69 -2.35 4.20 2.03 -2.26 24 0 0
142.68 37.89 15 1.08 -0.14 -0.95 1.51 3.02 -0.36 26 0 0
139.75 38.61 156 -0.67 -0.34 1.01 -0.04 -5.75 -4.93 23 0 0
143.59 37.39 15 3.25 -1.58 -1.67 -0.18 -2.08 0.75 23 0 0
143.27 37.77 15 2.22 0.13 -2.35 2.58 6.42 -0.50 24 0 0
143.00 37.95 15 -0.47 0.19 0.27 0.04 0.88 -0.16 24 0 0
142.27 37.75 25 0.36 0.11 -0.47 0.65 1.22 -0.11 24 0 0
137.09 33.31 382 1.52 1.17 -2.69 1.44 -2.72 -1.06 25 0 0
141.77 41.77 97 2.10 -1.64 -0.46 1.19 2.26 -1.84 23 0 0
141.13 36.36 36 2.14 0.02 -2.16 0.85 3.09 -0.82 24 0 0
140.94 35.50 40 0.52 -0.71 0.19 -0.20 0.39 0.03 24 0 0
142.76 42.32 69 -0.46 0.45 0.01 0.27 0.86 -0.51 24 0 0
145.19 42.33 29 4.61 -1.70 -2.91 3.52 6.27 -3.32 24 0 0
142.05 40.72 73 4.66 -2.47 -2.20 0.96 2.29 -1.67 23 0 0
142.87 42.15 33 3.01 -2.75 -0.26 2.61 5.43 -2.12 23 0 0
144.82 42.27 26 2.19 -1.73 -0.45 1.95 1.08 -1.11 24 0 0
144.82 42.35 29 0.80 -0.38 -0.43 0.84 1.38 -0.55 25 0 0
147.02 42.67 53 0.31 0.79 -1.10 0.85 0.10 -0.56 24 0 0
144.87 42.24 36 3.07 -1.08 -1.99 1.00 1.71 -1.22 23 0 0
131.33 30.23 29 2.59 -0.69 -1.89 0.66 1.43 -0.84 23 0 0
136.57 34.15 35 0.06 -0.58 0.52 0.22 -0.11 -0.63 24 0 0
143.23 41.96 44 3.17 -2.95 -0.22 0.87 1.38 -1.10 23 0 0
146.02 44.18 116 -0.52 2.18 -1.67 -1.07 -3.29 -3.72 23 0 0
144.00 41.75 39 2.21 -0.41 -1.80 1.01 0.95 -0.72 23 0 0
144.90 42.69 53 1.44 -2.07 0.63 1.44 0.71 -2.63 23 0 0
141.02 37.31 62 0.71 0.01 -0.72 -0.36 -0.58 -0.33 24 0 0
140.46 32.75 88 2.28 -0.02 -2.26 -0.05 -4.72 -3.05 23 0 0
142.57 30.18 12 1.48 -0.16 -1.32 -0.74 1.08 0.37 24 0 0
141.95 40.24 63 7.15 -0.47 -6.68 -0.39 -0.82 0.80 23 0 0
143.31 42.08 70 1.94 -0.68 -1.26 -0.06 0.95 -1.43 23 0 0
146.12 43.05 45 1.64 -0.79 -0.85 0.42 1.22 -1.34 24 0 0
142.28 36.66 35 1.55 -0.43 -1.12 0.40 1.32 -0.74 23 0 0
146.38 42.97 21 4.04 1.19 -5.23 -1.73 2.58 -2.84 23 0 0
140.97 36.31 33 0.83 -0.01 -0.82 -0.05 0.90 -0.44 24 0 0
146.29 43.86 118 -0.14 2.95 -2.80 -0.34 -2.23 2.03 23 0 0
144.79 42.27 43 3.51 -1.55 -1.96 3.18 2.31 -1.52 23 0 0
143.99 42.19 35 -2.59 2.09 0.50 -0.06 -0.29 -2.16 23 0 0
144.54 41.74 31 3.03 -1.24 -1.79 2.43 3.77 -2.32 24 0 0
144.43 41.74 24 1.58 -0.85 -0.73 1.94 2.68 -1.42 23 0 0
144.58 41.73 21 -1.31 1.29 0.02 -0.88 -0.43 0.15 23 0 0
142.06 37.20 22 1.69 -1.07 -0.62 0.90 -0.48 0.60 23 0 0
141.25 36.39 34 0.55 0.01 -0.56 0.27 0.73 -0.27 25 0 0
140.50 34.27 45 3.17 -4.83 1.65 2.42 -0.80 1.08 23 0 0
145.13 42.76 45 1.11 -0.57 -0.55 0.46 1.03 -0.75 25 0 0
145.18 42.70 63 1.31 -0.24 -1.07 0.22 1.07 -1.88 23 0 0
145.64 46.96 408 -0.30 0.26 0.03 -0.89 -0.29 0.16 24 0 0
131.95 31.59 34 5.19 -0.14 -5.04 1.67 2.90 -1.87 23 0 0
145.21 42.47 39 0.74 -0.40 -0.34 0.40 0.67 -0.63 24 0 0
145.10 42.45 32 1.02 -0.55 -0.47 0.88 1.43 -0.85 24 0 0
141.59 33.92 29 0.87 0.53 -1.40 0.74 0.82 -0.28 23 0 0
141.53 34.16 13 2.61 -0.80 -1.81 1.12 3.02 -1.77 23 0 0
136.52 43.14 335 0.90 -0.63 -0.27 -0.36 -1.04 -0.76 24 0 0
142.09 37.68 34 3.29 0.05 -3.34 1.61 3.99 -1.44 24 0 0
129.95 36.66 12 4.54 0.28 -4.82 -0.90 1.18 0.37 23 0 0
141.87 34.20 12 1.66 0.06 -1.72 0.37 2.65 -0.17 25 0 0
142.01 47.34 19 2.76 -0.43 -2.33 0.10 -0.41 0.75 23 0 0
147.65 44.31 74 1.68 0.35 -2.04 -1.03 -1.75 -1.22 23 0 0
141.73 34.41 16 4.29 0.68 -4.97 0.17 7.21 0.03 23 0 0
144.52 42.63 72 1.55 0.72 -2.28 1.45 1.26 -0.35 23 0 0
141.87 34.32 12 3.86 0.23 -4.10 -0.95 1.90 0.76 23 0 0
143.41 42.44 52 5.08 -4.53 -0.55 1.08 1.48 -0.68 24 0 0
141.84 34.16 13 2.76 0.14 -2.90 -0.05 1.55 0.08 23 0 0
140.85 33.30 59 4.28 1.14 -5.42 -1.77 0.91 -0.75 23 0 0
144.55 41.58 35 1.39 -0.92 -0.47 1.13 1.32 -1.67 23 0 0
144.25 41.77 30 1.56 -0.73 -0.83 0.88 0.62 -0.65 23 0 0
143.23 41.07 29 3.27 0.40 -3.67 1.95 3.57 -0.33 23 0 0
142.63 42.10 63 2.82 -0.58 -2.24 0.51 1.19 -1.33 23 0 0
145.38 42.38 37 1.95 -1.15 -0.80 1.28 1.30 -1.19 23 0 0
140.38 34.75 61 0.06 2.25 -2.32 -1.22 0.76 -0.63 24 0 0
142.96 42.57 103 -2.40 3.58 -1.18 3.56 1.52 0.27 23 0 0
143.37 40.96 22 0.68 0.05 -0.73 0.53 1.03 -0.20 24 0 0
143.28 40.98 20 0.47 0.04 -0.51 0.45 0.94 -0.13 24 0 0
142.12 39.75 46 2.31 -0.05 -2.26 0.63 2.37 -0.35 24 0 0
143.53 41.57 25 -3.54 0.61 2.93 2.44 0.88 -2.47 23 0 0
143.37 41.50 33 -0.87 2.50 -1.63 0.30 0.16 -0.85 23 0 0
141.45 37.14 66 -2.29 2.25 0.04 -0.51 0.22 0.73 23 0 0
141.62 34.92 38 0.60 0.06 -0.66 0.09 0.53 -0.21 24 0 0
141.55 34.97 31 3.77 0.32 -4.09 0.18 3.52 -1.21 23 0 0
141.80 36.97 31 2.59 -0.26 -2.32 0.90 3.01 -1.25 24 0 0
137.00 32.94 16 0.67 -0.83 0.16 0.20 0.06 0.01 27 0 0
137.22 33.13 12 1.11 -1.77 0.66 -0.01 0.11 0.04 27 0 0
136.80 33.40 13 -0.12 -2.27 2.39 2.51 -0.57 2.70 24 0 0
136.76 32.96 17 1.18 -1.52 0.34 0.21 -0.77 0.73 23 0 0
137.28 33.14 12 0.81 -1.12 0.31 -0.12 0.04 -0.08 26 0 0
137.17 33.17 14 4.03 -3.77 -0.26 1.18 0.81 -1.45 23 0 0
137.13 33.27 21 2.91 -3.28 0.38 0.80 -0.27 -0.47 24 0 0
137.23 33.05 12 0.18 -1.58 1.41 0.09 -0.16 0.50 24 0 0
137.32 33.14 12 1.26 -2.17 0.90 0.23 -0.25 -0.48 25 0 0
136.63 33.03 12 -0.03 -0.90 0.93 0.52 0.35 2.32 24 0 0
143.20 42.24 64 3.07 -1.13 -1.94 0.23 1.19 -1.90 23 0 0
143.27 40.75 39 1.65 -0.56 -1.10 0.35 0.69 -0.42 23 0 0
141.40 41.60 122 0.21 -1.53 1.32 -0.87 1.80 1.07 23 0 0
141.40 32.44 16 0.34 0.06 -0.40 0.66 0.54 -0.27 24 0 0
141.50 32.41 19 3.57 0.62 -4.19 4.96 3.16 -2.49 23 0 0
141.59 32.32 32 2.03 0.29 -2.31 0.74 0.82 -0.31 23 0 0
140.24 35.94 70 3.86 0.43 -4.29 -0.28 2.34 -0.82 24 0 0
143.06 42.21 54 5.43 -2.83 -2.60 1.04 2.76 -3.28 23 0 0
135.51 31.10 503 0.13 -0.14 0.01 0.30 0.18 1.01 24 0 0
141.59 36.21 31 0.83 -0.05 -0.78 0.37 0.95 -0.45 24 0 0
141.61 36.22 32 3.42 -0.30 -3.11 1.46 3.77 -1.85 24 0 0
138.38 30.70 412 -3.66 2.99 0.67 0.46 -3.78 -0.66 23 0 0
138.83 37.31 13 0.78 -0.15 -0.63 -0.22 -0.25 -0.36 26 0 0
138.92 37.42 12 1.78 -0.54 -1.23 -0.19 -0.17 -0.89 25 0 0
138.74 37.38 17 4.95 -0.89 -4.06 -2.80 -0.47 -2.39 24 0 0
138.63 37.33 27 2.80 -0.91 -1.89 -1.07 -1.47 -1.30 25 0 0
138.91 37.25 32 2.95 -1.36 -1.59 -0.08 0.51 -0.40 24 0 0
138.38 37.33 15 1.34 -0.88 -0.45 3.65 -2.19 0.46 24 0 0
138.74 37.25 22 3.89 -0.96 -2.93 0.93 -1.34 -1.39 24 0 0
138.90 37.44 19 5.79 -2.33 -3.46 -3.73 -1.16 -2.41 23 0 0
138.76 37.42 19 5.27 -1.08 -4.19 -3.07 -2.19 -2.32 23 0 0
138.84 37.29 12 1.45 -0.31 -1.14 0.10 0.52 -0.49 23 0 0
138.80 37.24 12 5.90 -0.89 -5.01 -0.27 -1.65 -2.31 23 0 0
138.89 37.41 12 2.32 -0.72 -1.59 -1.56 -1.90 -1.26 24 0 0
138.96 37.37 12 0.60 -0.13 -0.47 -0.38 -0.46 -0.28 25 0 0
138.75 37.23 12 1.93 -0.36 -1.57 -0.15 -1.03 -0.62 23 0 0
142.83 38.86 12 -0.86 3.47 -2.61 0.06 2.37 -5.82 23 0 0
138.79 37.51 18 0.75 -0.06 -0.68 -0.05 -0.44 -0.23 24 0 0
146.86 43.58 66 0.86 -1.78 0.92 3.83 3.69 -0.83 24 0 0
138.76 37.20 18 3.83 -0.27 -3.56 2.38 -2.45 -0.64 23 0 0
144.52 47.93 493 0.67 0.95 -1.62 -0.87 0.39 -0.62 25 0 0
139.03 37.45 12 1.96 0.10 -2.06 -0.43 -0.64 -0.91 24 0 0
139.08 37.41 13 2.06 -0.81 -1.24 -1.80 -2.38 0.25 23 0 0
138.90 37.41 12 1.72 0.08 -1.80 0.46 -0.66 -1.11 23 0 0
138.39 33.79 12 2.50 -2.86 0.35 0.42 -0.22 0.15 24 0 0
138.63 37.32 27 1.57 0.70 -2.27 0.75 -1.37 -0.79 23 0 0
138.95 37.49 12 3.92 -0.27 -3.65 -1.56 -0.27 -1.51 23 0 0
144.73 42.06 37 0.90 -0.39 -0.51 0.45 1.17 -0.60 25 0 0
144.20 41.76 12 1.40 -0.75 -0.65 2.74 5.03 -1.80 23 0 0
144.30 41.60 30 2.75 -1.26 -1.48 1.69 2.04 -1.85 23 0 0
144.33 41.61 33 0.97 -0.34 -0.63 0.66 0.97 -0.86 24 0 0
144.24 41.62 30 2.71 -1.28 -1.42 2.49 2.51 -1.74 23 0 0
142.60 32.52 19 -2.59 -0.40 2.99 0.94 1.42 -1.26 23 0 0
143.04 42.23 54 2.55 -1.07 -1.49 0.58 1.75 -1.58 24 0 0
145.36 42.88 47 2.43 -1.20 -1.23 0.89 2.41 -1.52 26 0 0
145.45 42.97 54 2.56 -1.33 -1.23 0.39 1.45 -1.44 23 0 0
142.19 41.58 59 2.02 -0.20 -1.82 0.58 0.87 -0.34 23 0 0
145.41 42.82 36 0.94 -0.49 -0.44 0.49 1.12 -0.64 26 0 0
129.11 31.81 12 -0.56 0.59 -0.03 0.26 -0.84 4.05 23 0 0
129.09 31.81 12 -2.78 4.48 -1.70 -1.76 0.19 4.08 23 0 0
141.59 44.19 12 4.25 -0.02 -4.23 -0.32 -2.29 -0.77 24 0 0
141.74 36.29 32 4.32 -0.06 -4.26 1.65 3.87 -1.73 23 0 0
145.58 42.88 43 2.37 -1.10 -1.27 0.73 1.82 -1.69 24 0 0
138.92 37.44 12 1.73 -0.47 -1.26 -0.74 -0.80 -0.50 23 0 0
142.20 38.52 36 2.18 -0.07 -2.11 1.09 2.44 -0.68 24 0 0
141.59 39.05 71 -0.35 -0.21 0.56 -1.33 -3.40 -0.83 23 0 0
140.97 36.85 76 -0.93 0.10 0.83 1.10 3.92 0.96 23 0 0
142.28 41.49 57 1.07 -0.07 -1.00 0.40 0.58 -0.35 24 0 0
141.75 34.08 19 3.70 -0.01 -3.68 0.44 2.43 -0.49 23 0 0
145.52 42.50 26 2.70 -1.63 -1.07 0.48 0.34 -1.31 23 0 0
145.06 42.80 53 1.69 -0.82 -0.87 0.42 1.32 -1.29 25 0 0
141.95 34.01 15 5.59 -0.16 -5.44 -0.91 5.87 0.26 25 0 0
141.77 33.80 17 2.84 0.03 -2.86 0.67 1.69 0.22 23 0 0
141.96 33.86 13 0.89 0.15 -1.04 0.03 0.92 0.01 24 0 0
141.76 34.05 14 1.42 0.13 -1.55 0.05 1.99 0.66 24 0 0
141.65 33.95 13 3.23 0.37 -3.60 -0.15 2.11 -0.00 24 0 0
144.18 41.64 45 1.02 -0.12 -0.89 0.45 0.75 -0.74 24 0 0
142.25 33.16 17 -3.38 -0.80 4.18 0.44 0.33 0.11 23 0 0
147.63 43.77 42 -0.03 1.93 -1.90 -0.03 1.60 -1.58 23 0 0
140.17 36.15 62 3.27 -0.71 -2.56 -0.29 1.47 -0.52 23 0 0
139.89 35.98 42 1.09 -0.95 -0.15 0.78 0.84 -0.44 24 0 0
137.16 33.15 372 1.56 0.07 -1.63 0.20 -2.70 -1.13 24 0 0
147.46 44.53 106 -0.88 1.24 -0.36 0.84 0.34 -0.25 23 0 0
142.62 40.79 47 3.61 0.19 -3.80 0.57 -0.49 -0.81 24 0 0
144.95 42.94 74 1.06 -0.26 -0.80 -0.04 0.88 -0.98 24 0 0
147.02 43.49 29 0.81 -0.11 -0.71 0.27 1.24 -0.72 24 0 0
130.15 33.72 12 -0.03 0.82 -0.78 0.18 -0.14 0.39 26 0 0
143.35 40.79 34 1.47 0.04 -1.51 1.05 0.91 -0.69 23 0 0
147.10 43.46 40 2.06 -0.49 -1.56 0.56 1.49 -1.49 23 0 0
142.66 33.90 18 -2.23 0.13 2.10 -0.50 -1.63 -0.14 23 0 0
141.78 37.40 38 5.52 -4.75 -0.78 1.52 0.06 -2.51 23 0 0
140.81 35.61 50 0.69 0.04 -0.74 -0.04 0.67 -0.10 25 0 0
142.52 31.22 16 -3.54 0.02 3.52 -0.44 0.49 -1.03 23 0 0
135.20 43.11 372 -1.30 1.24 0.06 -1.53 -3.75 0.51 23 0 0
130.20 33.66 17 -0.37 2.01 -1.65 0.24 -0.08 0.14 24 0 0
147.54 43.74 62 1.38 -2.11 0.73 1.44 -0.80 -1.22 23 0 0
144.80 42.81 73 2.11 -1.01 -1.10 0.12 1.08 -1.74 23 0 0
141.03 35.66 34 1.09 -0.90 -0.18 -0.55 0.40 0.43 24 0 0
142.05 38.95 12 0.95 0.01 -0.96 0.18 1.26 -0.02 23 0 0
138.34 30.76 398 -3.40 2.18 1.22 -0.88 -4.00 -3.90 23 0 0
133.60 34.07 36 -1.38 -0.78 2.16 -0.82 -0.66 -0.05 23 0 0
140.49 38.61 118 1.54 -0.30 -1.25 -2.26 -3.94 -1.01 23 0 0
137.59 34.34 306 -0.05 0.74 -0.68 -0.16 -0.35 0.12 24 0 0
140.95 31.98 54 3.48 1.09 -4.57 1.25 -4.68 -0.93 23 0 0
131.69 31.35 38 3.27 -0.11 -3.16 1.48 1.52 -1.43 24 0 0
140.86 35.63 48 3.05 0.21 -3.26 0.76 2.17 -1.08 24 0 0
138.62 37.26 17 2.96 -0.77 -2.20 0.48 0.77 -1.29 23 0 0
139.30 31.90 200 -0.21 -0.17 0.38 -0.62 -1.86 -0.97 24 0 0
143.34 39.57 18 0.39 0.07 -0.46 0.46 0.99 -0.13 24 0 0
143.19 39.71 19 2.13 0.09 -2.22 1.95 3.87 -0.61 23 0 0
141.20 33.37 33 4.04 1.70 -5.74 -2.39 0.12 -0.62 24 0 0
140.29 35.57 62 0.91 0.10 -1.00 0.05 0.39 -0.06 25 0 0
124.88 46.86 12 3.62 0.02 -3.64 0.14 -0.05 0.45 23 0 0
142.70 33.27 12 -3.80 0.57 3.22 0.25 -2.93 -0.90 23 0 0
142.60 33.36 12 -3.80 0.19 3.61 0.94 -1.78 -0.50 23 0 0
142.41 33.11 23 -2.56 0.54 2.02 -2.49 0.90 -0.28 23 0 0
142.52 33.32 18 -1.45 0.49 0.96 -0.48 0.17 -0.44 23 0 0
142.57 33.39 12 -3.71 0.00 3.71 0.47 -1.35 -0.62 23 0 0
142.59 33.50 12 -2.24 0.05 2.19 0.71 -1.00 0.18 23 0 0
142.62 33.18 12 -1.02 -0.89 1.90 -0.30 -0.23 -0.25 23 0 0
142.62 33.27 12 -2.68 -0.33 3.01 -0.95 -1.18 0.47 23 0 0
142.64 33.28 12 -0.87 0.08 0.79 0.10 -0.36 -0.24 24 0 0
142.62 33.21 28 -1.37 0.28 1.08 -0.07 -0.19 0.07 23 0 0
142.62 33.22 12 -2.33 -0.33 2.66 0.05 -1.11 -0.04 23 0 0
142.60 33.22 12 -4.39 0.01 4.38 0.25 0.14 0.50 23 0 0
142.61 33.17 12 -1.69 0.14 1.56 -0.40 -0.15 -0.28 23 0 0
142.53 33.36 12 -4.46 0.25 4.21 0.50 2.77 -0.79 23 0 0
142.63 33.32 12 -1.50 -0.08 1.58 -0.53 -0.60 0.16 23 0 0
142.61 33.22 12 -1.46 -0.92 2.38 -0.37 -0.73 -0.38 23 0 0
142.58 33.27 12 -6.16 -0.11 6.27 -0.10 3.70 -1.33 23 0 0
142.61 33.38 12 -1.50 0.16 1.34 0.36 -0.31 -0.25 24 0 0
140.25 35.52 58 2.45 -0.34 -2.11 -0.20 0.69 -0.28 23 0 0
141.60 36.25 32 1.22 -0.08 -1.14 0.51 1.49 -0.65 24 0 0
142.61 33.39 15 -4.71 0.62 4.08 -0.42 -0.54 0.11 23 0 0
143.19 42.20 67 1.15 -0.52 -0.63 -0.07 0.40 -0.63 23 0 0
142.05 38.24 37 3.96 -0.28 -3.68 2.68 5.90 -1.32 26 0 0
140.98 31.96 51 2.40 1.48 -3.88 -0.02 -4.63 -0.38 23 0 0
143.37 41.04 35 1.62 -0.49 -1.13 0.89 0.96 -0.60 23 0 0
138.61 37.22 16 1.63 -0.37 -1.25 0.11 -1.37 -0.56 23 0 0
143.34 38.55 12 4.25 -0.78 -3.47 3.85 5.69 -3.40 24 0 0
143.25 38.59 12 -0.21 0.68 -0.48 1.12 -0.15 -0.65 23 0 0
143.23 37.80 15 2.59 -0.13 -2.45 2.13 5.29 -1.19 23 0 0
146.93 43.47 40 1.59 0.10 -1.69 0.78 -0.12 -0.51 23 0 0
143.20 38.50 22 2.17 -1.24 -0.93 1.01 0.49 -0.75 23 0 0
143.29 38.53 13 0.46 -0.11 -0.35 0.58 0.78 -0.29 25 0 0
142.06 41.52 65 3.35 -0.63 -2.72 1.43 2.00 -1.43 23 0 0
142.47 38.18 58 0.76 0.17 -0.94 0.45 0.61 -0.33 23 0 0
146.41 43.90 107 -0.16 0.28 -0.12 0.95 0.87 0.34 25 0 0
141.19 34.29 54 -0.24 0.80 -0.57 0.08 -0.22 -0.10 24 0 0
140.03 35.90 51 3.55 -3.01 -0.54 1.67 1.76 -1.42 23 0 0
139.08 40.86 12 0.89 -0.08 -0.81 -0.25 -0.35 0.06 24 0 0
138.73 40.76 33 7.18 -1.76 -5.42 -0.34 -1.50 0.09 23 0 0
141.85 38.03 32 1.90 -0.07 -1.83 1.20 2.79 -0.59 23 0 0
141.18 36.33 37 2.55 -0.12 -2.43 0.90 2.70 -1.19 25 0 0
146.71 43.28 93 -0.39 -0.56 0.96 0.97 0.27 -1.60 23 0 0
141.23 37.08 51 1.88 -0.33 -1.55 0.45 1.26 -0.75 24 0 0
134.61 37.36 393 0.41 -0.00 -0.41 -0.04 -0.84 0.33 25 0 0
142.27 38.57 45 3.54 -0.66 -2.88 1.12 2.42 -1.29 23 0 0
138.52 30.83 383 -3.98 2.57 1.40 3.91 -4.11 -1.37 23 0 0
144.96 37.69 16 -2.41 0.43 1.98 -0.52 -0.85 -0.47 23 0 0
142.72 40.28 30 2.25 0.16 -2.41 1.73 2.62 -0.76 23 0 0
144.97 38.22 18 -3.49 -0.17 3.66 -0.60 -0.30 0.70 26 0 0
141.61 33.35 16 3.68 0.39 -4.08 0.64 2.87 -0.67 24 0 0
141.28 36.22 43 1.84 -0.05 -1.78 0.49 1.22 -0.79 23 0 0
141.24 36.32 47 1.18 -0.06 -1.12 0.23 0.90 -1.55 23 0 0
145.05 38.48 12 -0.76 0.33 0.43 1.00 -0.90 0.29 23 0 0
141.66 33.62 28 3.74 -0.12 -3.62 0.10 1.23 -0.40 24 0 0
130.31 30.97 155 0.52 -0.28 -0.24 -0.01 2.02 -0.56 25 0 0
145.13 38.41 12 -2.31 0.50 1.81 2.01 -0.40 1.05 23 0 0
142.38 38.11 34 3.81 -0.10 -3.71 1.92 4.40 -1.52 25 0 0
142.75 40.22 42 3.43 -0.19 -3.25 1.23 1.73 -1.14 23 0 0
142.62 38.00 31 0.63 0.08 -0.71 0.33 0.38 -0.26 24 0 0
143.61 39.32 27 1.16 -0.11 -1.06 0.19 1.22 -0.39 23 0 0
139.26 43.24 12 1.26 0.10 -1.36 -0.26 0.07 -0.03 24 0 0
142.21 38.47 36 0.78 0.01 -0.79 0.43 0.98 -0.30 25 0 0
143.45 38.06 15 0.95 -0.03 -0.93 0.99 3.14 -0.47 23 0 0
140.07 31.51 12 3.09 -2.11 -0.97 -0.67 -0.55 -0.53 24 0 0
142.18 37.92 20 1.64 -0.19 -1.45 -0.87 -1.43 -0.37 24 0 0
142.37 38.08 43 0.95 -0.69 -0.26 0.44 0.26 -0.19 24 0 0
140.59 30.05 83 3.23 -3.52 0.29 1.16 -2.82 -1.14 23 0 0
141.81 36.12 32 2.91 -0.55 -2.36 1.46 3.35 -1.83 24 0 0
141.89 36.15 32 0.67 -0.16 -0.52 0.27 0.69 -0.38 24 0 0
142.72 36.04 12 5.25 -1.87 -3.39 2.39 5.05 -3.00 23 0 0
137.52 33.57 337 1.43 1.52 -2.95 -2.76 -6.58 0.10 23 0 0
148.69 44.05 38 3.87 -1.71 -2.15 0.87 1.95 -2.19 23 0 0
142.57 40.16 49 3.38 -0.15 -3.23 1.21 2.46 -1.00 23 0 0
141.89 35.97 31 4.19 -0.49 -3.70 1.67 3.89 -1.46 23 0 0
142.06 35.98 36 2.63 -0.22 -2.41 0.83 1.90 -1.37 23 0 0
132.02 32.70 22 -0.09 -0.15 0.24 1.12 1.99 -0.03 24 0 0
137.79 31.72 412 0.23 1.70 -1.92 2.28 -8.56 -1.33 24 0 0
142.80 30.04 12 -3.71 0.50 3.22 0.10 0.95 -1.46 23 0 0
124.08 44.65 12 1.18 0.73 -1.90 0.13 0.44 -0.07 23 0 0
141.11 37.77 105 -1.34 1.43 -0.09 0.09 0.49 1.28 23 0 0
144.84 43.68 125 3.53 1.94 -5.47 0.26 -3.89 -1.69 23 0 0
140.58 34.60 62 0.80 2.33 -3.13 -0.57 1.03 -0.69 23 0 0
143.12 41.69 56 0.89 -0.11 -0.78 0.15 0.49 -0.47 24 0 0
138.60 30.29 424 -1.26 2.33 -1.07 1.16 -3.87 -2.19 24 0 0
144.40 42.31 26 1.62 0.08 -1.71 -0.64 0.07 -0.31 23 0 0
141.85 32.42 22 1.91 -0.53 -1.38 -0.00 0.23 -0.12 23 0 0
139.20 34.92 12 0.32 0.84 -1.16 0.31 -0.05 -2.78 24 0 0
139.82 38.31 159 -0.89 3.20 -2.31 -0.22 -1.40 -0.66 23 0 0
142.67 42.02 67 1.55 0.17 -1.71 0.22 0.78 -0.98 23 0 0
139.15 34.92 25 -0.06 -1.17 1.24 -0.63 0.24 -2.46 23 0 0
145.15 42.75 50 2.77 -1.93 -0.84 0.62 0.88 -1.55 23 0 0
139.88 43.64 232 -1.02 -0.15 1.17 -1.23 -1.40 -2.18 23 0 0
146.04 42.99 60 2.41 -1.00 -1.40 1.77 0.34 -2.09 23 0 0
131.36 30.00 29 0.98 -0.20 -0.78 0.37 0.68 -0.35 24 0 0
138.69 30.20 472 -0.37 -0.30 0.67 3.56 -5.74 -0.76 23 0 0
131.34 33.15 145 2.85 -0.08 -2.77 2.38 1.56 -1.34 25 0 0
143.51 42.75 129 0.41 -0.42 0.01 1.63 -0.46 -1.28 23 0 0
144.01 40.34 24 1.29 -0.02 -1.27 0.72 1.36 -0.42 23 0 0
141.91 30.67 27 2.98 0.08 -3.06 -0.02 2.19 0.30 23 0 0
143.91 40.36 13 0.88 0.15 -1.03 0.65 1.51 -0.16 24 0 0
144.56 46.44 375 0.35 0.72 -1.07 0.79 0.34 -0.15 24 0 0
143.96 40.38 15 0.66 0.08 -0.74 0.71 1.94 -0.09 24 0 0
140.26 35.61 85 1.85 0.35 -2.20 -0.06 0.70 -0.39 23 0 0
142.28 38.49 50 6.35 -0.58 -5.77 1.67 3.91 -1.83 23 0 0
142.59 40.22 52 0.75 0.06 -0.81 0.30 0.52 -0.18 24 0 0
141.77 46.54 18 3.40 -0.15 -3.25 0.50 -1.17 0.93 24 0 0
143.86 39.72 16 2.29 0.26 -2.55 2.03 4.19 -0.87 23 0 0
135.94 33.65 419 0.43 0.57 -1.00 1.01 -1.46 -0.12 24 0 0
145.39 43.82 106 1.39 0.80 -2.20 -0.79 -1.67 -0.02 23 0 0
141.27 35.52 44 5.84 -0.41 -5.44 0.85 2.93 -1.15 23 0 0
140.31 35.54 60 1.79 0.54 -2.33 -0.35 0.91 -0.47 23 0 0
146.46 46.75 351 0.75 0.13 -0.88 0.66 -0.37 -0.52 24 0 0
135.71 41.33 382 2.24 -1.14 -1.10 -0.55 -5.91 -4.71 24 0 0
131.83 33.51 76 0.56 -1.02 0.47 -0.03 0.42 0.07 24 0 0
142.91 38.64 63 -0.56 4.43 -3.87 0.45 2.56 -0.28 23 0 0
143.04 37.20 19 2.26 -0.42 -1.84 1.28 2.80 -0.94 24 0 0
143.03 37.39 18 1.51 -0.41 -1.09 0.61 2.47 -0.65 23 0 0
140.42 34.91 75 -0.43 2.53 -2.11 0.17 2.01 0.55 23 0 0
142.98 37.45 28 1.27 -0.09 -1.18 0.62 1.06 -0.44 23 0 0
143.10 42.23 63 2.16 -1.03 -1.12 0.31 1.07 -1.51 23 0 0
137.40 33.13 357 -0.25 0.52 -0.27 0.45 -1.50 -0.35 24 0 0
146.75 44.08 106 0.33 1.88 -2.21 2.17 -1.16 1.08 24 0 0
133.90 37.93 435 0.40 -0.22 -0.17 0.09 -0.83 0.50 24 0 0
144.72 42.34 22 -3.21 2.76 0.44 4.66 0.20 0.03 23 0 0
146.42 43.21 49 3.25 -1.67 -1.58 0.10 1.51 -1.79 23 0 0
140.42 34.86 31 -0.38 -0.56 0.94 0.58 -0.67 3.10 23 0 0
144.38 44.38 12 1.46 -0.39 -1.07 0.24 0.72 -0.79 23 0 0
147.26 43.41 44 0.54 0.86 -1.40 0.75 0.52 -0.23 24 0 0
138.81 34.94 170 0.32 1.61 -1.93 0.69 -7.02 -4.38 24 0 0
142.82 41.25 47 2.73 -0.13 -2.60 0.98 1.98 -1.05 23 0 0
128.43 37.65 23 -0.36 1.44 -1.08 -0.05 -0.11 1.00 23 0 0
142.48 33.83 16 -3.39 0.75 2.63 -0.71 0.06 0.97 23 0 0
143.97 41.65 38 0.72 -0.12 -0.60 0.34 0.82 -0.42 25 0 0
144.20 41.70 41 0.96 -0.08 -0.88 0.18 0.49 -0.24 24 0 0
136.70 33.05 30 2.32 -2.63 0.31 0.94 -0.64 -0.81 23 0 0
142.72 41.35 31 2.91 -1.36 -1.55 -0.64 -0.21 -2.09 23 0 0
133.65 43.22 451 0.37 0.16 -0.53 -0.53 -1.19 -0.21 25 0 0
148.18 43.97 58 2.57 0.27 -2.84 2.47 0.92 -2.11 24 0 0
144.29 42.00 42 1.80 -0.68 -1.12 0.84 1.50 -1.14 24 0 0
136.61 37.28 12 1.01 0.19 -1.20 0.01 -0.30 -0.68 26 0 0
136.72 37.41 14 0.80 -0.26 -0.54 -0.11 -0.15 -0.42 24 0 0
136.44 37.18 12 2.88 3.92 -6.80 0.68 -0.41 -1.38 23 0 0
146.28 44.90 210 2.11 0.20 -2.31 1.23 -1.91 -2.28 23 0 0
142.08 30.87 12 5.78 0.05 -5.83 0.01 4.72 0.17 23 0 0
146.19 44.11 103 0.20 1.36 -1.57 -1.67 -1.22 -0.70 24 0 0
137.67 32.31 378 0.44 0.12 -0.56 0.67 -4.59 -0.79 24 0 0
141.73 30.91 25 3.16 0.06 -3.22 1.88 1.46 -1.13 23 0 0
141.78 30.85 18 3.16 0.67 -3.82 -0.97 2.97 0.19 24 0 0
142.10 30.84 12 0.75 0.06 -0.81 0.09 0.47 -0.00 24 0 0
141.16 33.60 46 1.05 0.37 -1.42 -0.57 0.09 0.25 24 0 0
142.22 35.66 17 3.22 -0.85 -2.37 1.11 2.42 -1.44 23 0 0
136.35 34.81 21 6.30 -1.13 -5.17 1.38 0.83 2.58 23 0 0
141.96 42.67 126 -0.74 1.79 -1.05 0.72 0.97 1.26 24 0 0
133.47 33.94 37 -0.12 -5.80 5.92 -0.86 2.45 0.38 23 0 0
143.52 42.43 26 0.13 0.15 -0.28 9.52 -1.93 0.17 23 0 0
141.02 32.02 40 1.48 -0.19 -1.30 -0.65 -3.43 0.32 23 0 0
142.27 41.58 64 1.45 -0.08 -1.37 0.41 0.72 -0.51 24 0 0
135.85 37.92 362 0.06 0.32 -0.38 0.29 -0.88 -0.52 24 0 0
131.41 33.31 18 -1.06 2.23 -1.17 0.45 0.75 -0.48 23 0 0
136.54 37.30 12 1.81 0.86 -2.67 -1.09 -0.89 -0.90 23 0 0
141.61 35.13 34 3.93 0.11 -4.05 0.40 2.98 -1.02 23 0 0
141.43 35.18 24 2.10 -0.25 -1.85 -0.01 1.20 -0.27 23 0 0
142.09 42.62 119 -1.05 1.54 -0.48 3.43 0.63 0.83 23 0 0
144.81 43.64 130 -1.61 3.60 -2.00 4.64 1.70 -0.51 24 0 0
138.47 37.50 12 0.92 -0.40 -0.53 -0.42 -0.36 -0.45 26 0 0
138.55 37.56 18 4.35 -1.01 -3.34 -1.87 -2.26 -1.75 24 0 0
135.03 36.84 375 -0.33 1.27 -0.94 -0.39 -1.40 1.00 26 0 0
138.46 30.76 393 -0.72 0.73 -0.01 -0.19 -0.43 -0.48 24 0 0
138.58 37.71 30 2.49 -0.72 -1.77 -0.57 -0.16 -0.78 23 0 0
136.60 33.84 374 0.32 0.69 -1.00 0.37 -1.06 -1.03 24 0 0
141.82 46.84 12 2.31 0.04 -2.35 -0.04 -0.24 -0.15 25 0 0
141.67 46.81 13 5.45 -0.49 -4.96 -0.87 -0.98 -0.71 24 0 0
141.78 46.71 18 0.89 -0.11 -0.79 0.14 -0.09 0.04 24 0 0
141.63 46.73 12 1.41 -0.01 -1.40 -0.26 -0.70 -0.44 24 0 0
141.74 46.86 12 1.45 0.01 -1.46 0.07 -0.02 -0.32 24 0 0
140.63 35.32 37 0.67 -0.68 0.01 0.55 0.29 -0.24 24 0 0
140.41 35.24 32 2.90 -3.00 0.10 2.21 1.06 -0.97 23 0 0
140.42 35.26 31 0.62 -0.60 -0.02 0.58 0.14 -0.20 24 0 0
140.80 42.07 127 1.16 -2.16 1.01 -1.39 -1.90 -0.78 24 0 0
141.85 41.54 27 0.74 0.34 -1.08 1.67 3.34 -0.44 23 0 0
147.34 43.77 69 0.48 -0.06 -0.42 0.81 -0.05 -0.99 24 0 0
141.27 35.05 36 2.90 -2.10 -0.80 2.16 1.14 -1.15 23 0 0
140.62 35.82 24 0.76 -0.46 -0.31 1.53 4.11 -0.86 23 0 0
146.94 43.46 43 3.76 -1.01 -2.75 -0.05 -0.28 -2.00 24 0 0
141.01 32.68 42 2.95 0.45 -3.39 -1.33 -1.41 0.63 23 0 0
141.95 37.29 42 0.69 -0.10 -0.59 0.21 0.59 -0.32 25 0 0
138.73 30.56 22 0.31 -6.85 6.54 0.37 1.00 -0.45 23 0 0
142.03 31.69 18 0.93 0.02 -0.95 0.03 0.60 -0.02 24 0 0
141.24 30.02 81 3.38 0.20 -3.58 -3.67 2.37 -6.01 24 0 0
131.61 31.22 41 2.11 -1.14 -0.96 0.91 0.83 -2.20 23 0 0
142.18 41.54 62 1.93 0.27 -2.19 0.87 1.12 -1.11 23 0 0
142.39 38.40 44 1.08 0.00 -1.08 0.46 0.96 -0.41 25 0 0
141.49 36.74 56 1.75 -0.08 -1.67 0.54 1.38 -0.70 23 0 0
140.21 34.87 94 -2.80 -1.06 3.85 -0.82 2.67 0.49 23 0 0
148.86 44.34 35 4.39 -1.13 -3.26 0.50 2.34 -3.15 23 0 0
140.80 33.53 56 3.09 0.17 -3.26 0.01 1.67 -0.19 23 0 0
140.74 36.42 63 5.58 0.43 -6.01 1.14 3.53 -2.26 23 0 0
132.09 31.65 37 4.16 -0.88 -3.28 1.38 1.85 -2.38 23 0 0
146.67 43.12 51 0.56 0.22 -0.78 0.78 0.24 -0.79 24 0 0
148.70 44.35 40 1.56 0.58 -2.14 1.45 1.13 -1.81 23 0 0
141.65 37.09 48 6.05 -0.90 -5.15 1.25 4.12 -2.52 23 0 0
139.88 36.10 60 -2.17 -0.57 2.75 1.37 -0.23 -0.57 23 0 0
148.32 44.47 64 3.41 -1.22 -2.19 -0.02 1.41 -1.88 23 0 0
140.18 39.08 170 -0.10 0.95 -0.85 1.99 5.73 1.74 24 0 0
141.22 33.56 49 -0.08 6.10 -6.03 -1.57 1.00 -0.77 23 0 0
140.89 35.54 47 4.28 0.00 -4.29 -0.02 2.14 -1.13 23 0 0
142.25 41.47 64 4.49 -0.30 -4.19 1.41 2.66 -1.71 24 0 0
141.88 36.27 22 2.26 -0.44 -1.81 0.50 1.71 -0.64 23 0 0
141.91 36.12 30 2.06 -0.24 -1.81 0.73 1.74 -0.61 23 0 0
141.89 36.12 24 1.61 -0.10 -1.51 0.63 1.64 -0.54 25 0 0
141.98 36.11 23 1.14 -0.05 -1.09 0.45 1.00 -0.27 25 0 0
141.61 36.18 26 1.12 -0.11 -1.01 0.78 1.91 -0.47 26 0 0
142.41 36.08 18 2.38 -0.54 -1.84 1.25 3.50 -1.37 23 0 0
142.46 36.25 27 1.98 -0.10 -1.88 0.70 2.60 -1.19 23 0 0
142.08 36.12 23 1.74 0.02 -1.76 -0.04 1.93 -0.54 24 0 0
145.84 43.51 86 -5.22 6.15 -0.94 4.18 1.94 0.84 23 0 0
131.96 42.51 530 0.05 1.41 -1.46 1.29 -2.58 2.41 24 0 0
141.82 30.60 19 4.03 0.71 -4.74 0.03 3.38 1.12 24 0 0
142.82 40.14 37 2.73 0.06 -2.79 1.05 2.16 -0.84 23 0 0
139.15 41.59 204 1.04 -1.06 0.03 -0.66 -3.15 -2.61 24 0 0
141.93 30.96 20 3.94 0.00 -3.94 0.87 2.15 0.50 23 0 0
140.85 39.03 12 2.46 -0.10 -2.37 -0.16 -0.26 -0.88 26 0 0
140.94 39.05 17 1.65 -0.38 -1.27 0.28 0.64 -0.68 23 0 0
140.82 39.07 12 0.44 3.07 -3.52 0.50 -0.31 -3.65 23 0 0
142.79 41.86 58 1.41 -0.25 -1.16 0.38 0.77 -0.54 24 0 0
137.37 45.12 328 -0.18 0.39 -0.21 0.85 -0.04 -0.64 25 0 0
142.42 37.47 22 1.53 -0.17 -1.35 0.96 2.31 -0.53 26 0 0
142.91 37.79 38 3.63 -0.62 -3.01 1.17 2.73 -1.20 23 0 0
142.30 37.16 30 0.53 -0.05 -0.48 0.33 0.67 -0.26 25 0 0
142.33 37.77 12 0.06 -0.01 -0.05 0.51 1.25 -0.08 24 0 0
141.51 39.73 99 -1.35 0.49 0.86 -0.18 1.57 0.13 26 0 0
141.45 39.80 129 -1.85 2.07 -0.22 1.90 6.32 2.94 23 0 0
142.49 41.17 56 1.39 0.05 -1.44 0.44 0.70 -0.40 24 0 0
147.66 43.93 74 -0.56 1.18 -0.62 1.26 0.62 -0.38 24 0 0
140.72 36.45 59 6.32 -0.47 -5.85 0.61 3.13 -2.21 23 0 0
137.09 32.68 412 -0.65 0.91 -0.25 0.05 -0.71 -0.51 24 0 0
144.11 41.79 20 0.79 -0.33 -0.47 0.70 1.41 -0.48 26 0 0
144.62 42.43 33 -3.81 3.45 0.35 1.87 -0.92 0.88 23 0 0
144.28 41.62 22 1.25 -0.63 -0.63 2.39 1.47 -1.62 23 0 0
143.49 46.18 344 0.05 0.32 -0.37 0.31 -0.20 -1.29 24 0 0
140.50 41.46 152 -2.26 2.17 0.09 -0.55 1.74 2.34 24 0 0
143.00 40.58 38 3.24 -0.16 -3.08 1.68 2.68 -1.17 23 0 0
138.88 30.21 394 -2.90 3.00 -0.10 0.94 -3.54 -2.18 24 0 0
140.33 35.56 58 -0.82 0.33 0.49 -1.50 0.03 2.20 23 0 0
140.12 32.33 100 -0.03 3.16 -3.13 1.11 0.82 2.25 23 0 0
141.80 35.97 28 2.70 -0.63 -2.07 0.72 2.21 -1.36 23 0 0
141.68 38.15 94 -2.40 -1.00 3.40 0.05 3.70 3.11 23 0 0
141.73 35.97 28 2.46 -0.23 -2.23 1.16 2.41 -1.21 23 0 0
145.94 43.12 52 5.86 -2.80 -3.06 1.05 2.50 -3.53 23 0 0
141.40 32.34 29 2.38 0.55 -2.93 0.53 1.74 0.06 23 0 0
143.18 38.56 24 3.33 -0.04 -3.30 1.72 4.09 -1.02 24 0 0
143.21 38.58 31 0.70 0.08 -0.79 0.41 0.97 -0.32 24 0 0
143.27 38.53 21 1.36 -0.03 -1.33 0.80 1.94 -0.41 24 0 0
144.58 39.18 48 6.25 -2.67 -3.58 -0.96 3.15 3.63 23 0 0
143.32 38.44 21 0.73 -0.05 -0.67 0.33 0.79 -0.22 24 0 0
142.54 36.56 12 3.10 0.46 -3.56 -1.23 1.64 0.01 25 0 0
142.19 36.71 25 2.37 -0.84 -1.53 1.96 4.70 -1.64 23 0 0
142.23 36.72 21 0.80 -0.24 -0.56 0.35 1.02 -0.44 24 0 0
142.41 36.63 12 -0.61 -0.08 0.69 0.21 -0.34 0.21 25 0 0
142.52 36.44 17 0.95 -0.20 -0.76 0.52 1.24 -0.45 24 0 0
144.71 42.09 43 1.97 -1.62 -0.35 1.33 0.99 -1.03 23 0 0
142.54 36.47 12 1.24 -0.50 -0.75 0.28 0.61 -0.44 24 0 0
143.06 37.64 30 2.36 -0.37 -1.99 1.03 1.96 -0.72 23 0 0
141.50 34.82 25 -5.02 1.67 3.35 0.28 2.49 -2.93 23 0 0
141.48 36.68 41 2.66 0.03 -2.69 1.70 3.93 -1.63 24 0 0
142.49 37.95 30 4.03 0.01 -4.03 1.41 2.41 -1.08 23 0 0
142.57 40.33 48 3.18 0.22 -3.40 1.49 2.55 -0.93 24 0 0
141.61 37.54 58 2.96 -0.92 -2.04 0.77 1.25 -0.90 23 0 0
136.14 35.70 15 0.51 2.13 -2.64 -0.67 -0.67 -1.75 23 0 0
144.25 41.64 22 0.56 -0.22 -0.34 0.46 1.13 -0.56 24 0 0
142.09 42.63 111 0.15 0.87 -1.02 1.68 0.13 -0.52 24 0 0
144.05 41.64 40 0.83 -0.17 -0.66 0.38 0.74 -0.53 24 0 0
133.91 43.37 445 0.72 -0.17 -0.56 -0.25 -0.63 0.21 24 0 0
143.09 42.21 66 2.59 -0.81 -1.78 0.33 0.87 -1.23 23 0 0
132.06 31.78 33 4.15 -1.02 -3.14 1.98 3.28 -1.83 24 0 0
141.73 37.32 48 0.89 -0.11 -0.79 0.34 0.71 -0.38 24 0 0
141.35 36.35 44 6.11 -0.25 -5.86 1.17 3.91 -2.27 23 0 0
145.04 42.60 22 -0.50 0.71 -0.20 -0.61 -0.08 -0.32 24 0 0
142.61 36.57 12 2.28 3.58 -5.86 -2.84 -0.32 0.81 23 0 0
142.47 42.00 66 2.04 -0.28 -1.76 0.42 1.43 -0.97 23 0 0
143.72 41.70 32 1.87 -0.52 -1.34 1.69 2.80 -1.20 25 0 0
141.09 35.44 28 -3.14 4.35 -1.21 -1.36 3.18 -1.32 24 0 0
148.37 44.89 88 1.56 0.93 -2.50 -1.18 -1.65 -0.14 23 0 0
142.04 31.18 12 4.92 -0.33 -4.59 2.97 3.33 -1.20 23 0 0
143.44 39.16 22 0.67 -0.03 -0.64 0.35 0.87 -0.24 24 0 0
143.71 39.25 15 2.82 0.22 -3.04 2.36 4.70 -1.11 23 0 0
142.51 38.88 36 2.53 -2.56 0.03 0.43 -0.78 -1.10 24 0 0
148.39 47.78 388 0.08 0.08 -0.16 0.45 -1.24 -0.20 24 0 0
141.28 42.62 135 -1.63 2.68 -1.05 0.19 1.27 0.97 23 0 0
133.24 42.39 485 -0.01 0.76 -0.75 0.34 -0.52 -0.45 24 0 0
148.23 44.83 103 1.23 0.93 -2.16 3.33 1.91 -1.31 23 0 0
142.09 37.54 43 3.62 -0.44 -3.18 0.90 2.46 -1.35 23 0 0
131.97 32.56 33 -2.76 0.20 2.55 -0.01 2.16 -0.01 23 0 0
138.19 33.05 302 0.34 0.16 -0.50 -0.77 -4.57 -1.58 26 0 0
140.68 32.74 55 0.39 -0.05 -0.34 -0.17 -0.80 -0.28 26 0 0
140.18 41.05 171 -0.71 -0.26 0.96 0.44 0.81 -0.07 24 0 0
130.19 31.08 168 1.44 -0.70 -0.75 0.33 1.94 -0.75 25 0 0
140.23 35.75 61 2.23 -0.11 -2.13 0.05 0.83 -0.13 23 0 0
142.22 41.73 90 -2.54 5.38 -2.84 -1.78 2.15 -1.39 23 0 0
146.83 43.09 28 3.97 -1.48 -2.49 2.92 4.69 -3.21 23 0 0
141.27 36.71 46 -3.08 1.74 1.34 0.65 1.24 1.25 23 0 0
145.20 47.61 480 0.96 -0.34 -0.63 -0.22 -0.49 -0.29 24 0 0
147.17 43.41 81 2.26 -0.48 -1.78 1.55 0.82 -1.78 23 0 0
141.71 37.14 48 5.06 -0.64 -4.42 1.05 2.57 -1.46 23 0 0
146.94 43.06 21 -2.66 5.08 -2.43 4.20 6.09 -0.44 23 0 0
139.11 34.96 12 -0.32 1.10 -0.77 -0.45 -0.25 -2.26 23 0 0
139.72 36.45 80 3.08 -3.14 0.06 -5.29 -2.24 -1.10 23 0 0
139.16 34.96 15 -0.39 1.84 -1.45 0.45 0.01 -3.66 23 0 0
141.37 33.63 29 0.30 6.01 -6.31 -2.31 0.41 -2.80 23 0 0
134.93 42.12 390 0.55 0.05 -0.60 -0.20 -3.49 -1.55 25 0 0
144.49 43.28 99 0.50 1.70 -2.20 -0.01 -2.92 -1.20 23 0 0
142.32 41.86 70 2.19 0.25 -2.44 0.37 1.11 -2.43 23 0 0
